# Name,Long(deg),Lat(deg),East(m),North(m),Altitude(m)
# From files EOR_Proposed_Coords.csv & Phase2_LB_Proposed_Coords_Rev2.csv
-3.49,156.590067,376.351
10.51,156.590067,376.351
24.51,156.590067,376.351
38.51,156.590067,376.351
-10.49,144.4657113,376.351
3.51,144.4657113,376.351
17.51,144.4657113,376.351
31.51,144.4657113,376.351
45.51,144.4657113,376.351
-17.49,132.3413557,376.351
-3.49,132.3413557,376.351
10.51,132.3413557,376.351
24.51,132.3413557,376.351
38.51,132.3413557,376.351
52.51,132.3413557,376.351
-24.49,120.217,376.351
-10.49,120.217,376.351
3.51,120.217,376.351
31.51,120.217,376.351
45.51,120.217,376.351
59.51,120.217,376.351
-17.49,108.0926444,376.351
-3.49,108.0926444,376.351
10.51,108.0926444,376.351
24.51,108.0926444,376.351
38.51,108.0926444,376.351
52.51,108.0926444,376.351
-10.49,95.96828869,376.351
3.51,95.96828869,376.351
17.51,95.96828869,376.351
31.51,95.96828869,376.351
45.51,95.96828869,376.351
-3.49,83.84393304,376.351
10.51,83.84393304,376.351
24.51,83.84393304,376.351
38.51,83.84393304,376.351
86.352,287.221067,375.032
100.352,287.221067,375.032
114.352,287.221067,375.032
128.352,287.221067,375.032
79.352,275.0967113,375.032
93.352,275.0967113,375.032
107.352,275.0967113,375.032
121.352,275.0967113,375.032
135.352,275.0967113,375.032
72.352,262.9723557,375.032
86.352,262.9723557,375.032
100.352,262.9723557,375.032
114.352,262.9723557,375.032
128.352,262.9723557,375.032
142.352,262.9723557,375.032
65.352,250.848,375.032
79.352,250.848,375.032
93.352,250.848,375.032
121.352,250.848,375.032
135.352,250.848,375.032
149.352,250.848,375.032
72.352,238.7236444,375.032
86.352,238.7236444,375.032
100.352,238.7236444,375.032
114.352,238.7236444,375.032
128.352,238.7236444,375.032
142.352,238.7236444,375.032
79.352,226.5992887,375.032
93.352,226.5992887,375.032
107.352,226.5992887,375.032
121.352,226.5992887,375.032
135.352,226.5992887,375.032
86.352,214.474933,375.032
100.352,214.474933,375.032
114.352,214.474933,375.032
128.352,214.474933,375.032
-149.785,265.814,377.011
-95.365,270.188,377.285
-88.512,266.021,377.309
-78.698,258.431,377.291
-86.94,248.452,377.339
-102.325,244.088,377.258
-93.346,242.279,377.270
-148.33,220.271,377.214
-132.939,282.611,377.002
-139.867,275.498,377.018
-123.667,284.854,377.050
-92.889,281.358,377.254
-77.835,282.839,377.253
-83.476,277.563,377.300
-76.988,272.637,377.298
-176.006,289.903,376.623
-23.62,201.546,376.805
-23.802,222.353,376.872
-40.489,235.17,376.961
-54.527,237.518,377.123
-64.851,250.813,377.239
-70.075,259.402,377.266
-60.057,263.676,377.180
-50.676,264.546,377.100
-67.99,271.103,377.236
-60.058,271.905,377.204
-70.885,278.818,377.252
-45.54,273.245,377.066
-53.156,276.268,377.090
-22.659,263.694,376.948
-55.097,284.285,377.181
-14.9,273.87,376.910
-105.281,217.18,377.255
-98.53,230.162,377.260
-81.845,229.337,377.270
-79.541,238.128,377.270
-75.12,247.002,377.255
-71.017,235.929,377.239
-62.567,228.987,377.210
-50.691,221.885,377.078
-160.465,573.207,374.773
-128.046,350.494,376.570
-69.771,294.031,377.192
-78.731,297.259,377.196
-103.941,300.914,377.050
-100.172,288.896,377.157
-395.452,371.152,374.515
-263.547,389.274,375.322
326.141,203.608,373.945
173.425,193.595,375.032
-2.515,292.841,376.892
-46.554,287.469,377.115
-56.141,295.922,377.156
-33.705,351.048,376.976
50.127,536.159,376.181
84.88,519.141,376.314
-55.56,124.80,376.80
177.47,-43.38,375.01
-21.71,77.01,376.35
91.81,-80.57,375.76
153.70,-259.93,376.48
-67.58,-22.36,376.18
-118.04,-39.87,376.06
-87.52,125.20,377.03
-195.98,189.80,377.17
-198.19,95.15,377.03
-284.46,-196.18,374.91
-388.15,-44.02,375.38
-452.69,-15.93,375.13
-468.82,185.19,374.77
-364.52,183.10,375.75
-369.61,266.48,375.26
-518.05,632.50,372.66
-489.94,604.57,372.96
-575.56,415.01,373.41
-585.68,-101.53,375.24
-653.47,142.26,374.50
-685.03,212.17,374.28
-1079.60,87.02,377.10
-1026.07,574.53,374.15
-333.76,1660.73,371.29
-227.15,898.13,373.76
-173.72,781.64,374.27
-256.95,892.01,373.56
-195.02,762.89,374.14
-249.65,731.71,373.84
-300.70,704.33,373.56
-889.47,1088.14,370.54
716.39,1405.26,374.80
288.07,618.27,375.17
238.31,768.41,375.86
227.88,819.72,375.81
61.44,815.26,376.05
-58.87,810.53,375.22
35.22,950.24,376.35
1.02,1412.36,373.84
839.94,990.23,372.83
1177.29,858.63,372.29
1313.61,553.37,370.51
556.12,244.49,372.31
571.54,359.21,372.55
488.86,424.98,373.00
528.60,539.19,372.83
381.07,652.86,374.30
1100.94,151.76,369.16
1201.13,-443.25,368.46
498.63,-264.59,373.25
301.19,-48.95,374.63
370.65,-38.42,374.35
544.32,-91.15,372.84
506.79,-3.22,372.82
523.73,75.49,372.64
653.77,-1037.75,371.19
442.99,-835.31,372.32
-58.80,-505.33,372.93
37.07,-405.05,374.05
232.84,-357.89,375.28
257.98,-366.45,375.24
325.69,-318.51,375.05
326.10,-306.31,375.14
-412.46,-409.06,374.00
-141.90,-420.26,373.52
-480.27,-817.32,375.79
-575.53,-863.78,375.61
-674.02,-638.87,375.41
-631.40,-245.11,375.58
-633.24,-169.36,375.65
-568.54,-257.66,375.28
168.15,-1018.99,375.90
794.28,-806.81,373.80
1197.78,-683.80,373.20
1674.75,-467.63,371.00
1471.12,172.88,373.40
-328.53,2834.52,378.00
876.13,2182.22,382.90
672.53,2797.73,382.60
1361.98,2462.00,386.60
1677.34,2159.95,386.80
892.87,1691.16,382.30
1636.91,1498.35,382.00
1880.69,-104.30,373.40
2288.18,-255.02,373.10
2408.46,26.80,374.70
2240.68,412.00,375.50
2702.84,934.85,378.50
3030.81,1098.17,377.20
3104.75,1641.83,380.60
1987.81,-927.05,370.10
1648.22,-1367.27,371.20
1111.15,-1147.79,374.50
819.27,-1398.74,373.70
1329.02,-1854.26,370.90
324.11,-2070.87,369.20
517.91,-1485.11,373.80
-1762.13,58.07,378.90
-1596.08,-68.11,381.10
-1475.94,-188.98,382.00
-1358.07,-452.50,380.80
-1170.78,-564.93,380.10
-1098.76,-688.37,380.90
-886.39,-775.26,379.80
1642.14,851.35,377.40
1922.54,1265.61,381.00
2327.60,1024.86,378.30
2669.92,583.17,376.70
1992.91,622.24,379.00
1563.41,-929.25,372.20
-809.94,2564.34,374.20
208.19,2670.47,382.20
499.62,2357.47,381.50
331.51,1959.63,379.20
-51.47,2189.22,378.30
-432.90,2050.64,375.80
2054.31,1772.60,383.70
2410.91,2213.58,386.10
2857.35,1959.41,384.00
2878.44,1445.63,381.20
2344.69,1364.67,381.00
2447.23,1789.49,382.20
379.46,1543.31,378.60
1225.22,1378.66,382.00
1360.01,1857.33,383.70
942.32,-1979.32,370.40
-1932.08,183.67,378.00
