# Name,Long(deg),Lat(deg),East(m),North(m),Altitude(m)
# From files EOR_Proposed_Coords.csv & Phase2_LB_Proposed_Coords_Rev2.csv
116.670755,-26.70191132,376.351
116.6708957,-26.70191132,376.351
116.6710363,-26.70191132,376.351
116.671177,-26.70191132,376.351
116.6706846,-26.70202073,376.351
116.6708253,-26.70202073,376.351
116.670966,-26.70202073,376.351
116.6711067,-26.70202073,376.351
116.6712474,-26.70202073,376.351
116.6706143,-26.70213014,376.351
116.670755,-26.70213014,376.351
116.6708957,-26.70213014,376.351
116.6710363,-26.70213014,376.351
116.671177,-26.70213014,376.351
116.6713177,-26.70213014,376.351
116.6705439,-26.70223955,376.351
116.6706846,-26.70223955,376.351
116.6708253,-26.70223955,376.351
116.6711067,-26.70223955,376.351
116.6712474,-26.70223955,376.351
116.6713881,-26.70223955,376.351
116.6706143,-26.70234896,376.351
116.670755,-26.70234896,376.351
116.6708957,-26.70234896,376.351
116.6710363,-26.70234896,376.351
116.671177,-26.70234896,376.351
116.6713177,-26.70234896,376.351
116.6706846,-26.70245837,376.351
116.6708253,-26.70245837,376.351
116.670966,-26.70245837,376.351
116.6711067,-26.70245837,376.351
116.6712474,-26.70245837,376.351
116.670755,-26.70256778,376.351
116.6708957,-26.70256778,376.351
116.6710363,-26.70256778,376.351
116.671177,-26.70256778,376.351
116.6716578,-26.70073205,375.032
116.6717985,-26.70073205,375.032
116.6719391,-26.70073205,375.032
116.6720798,-26.70073205,375.032
116.6715875,-26.70084149,375.032
116.6717281,-26.70084149,375.032
116.6718688,-26.70084149,375.032
116.6720095,-26.70084149,375.032
116.6721501,-26.70084149,375.032
116.6715172,-26.70095092,375.032
116.6716578,-26.70095092,375.032
116.6717985,-26.70095092,375.032
116.6719391,-26.70095092,375.032
116.6720798,-26.70095092,375.032
116.6722204,-26.70095092,375.032
116.6714468,-26.70106036,375.032
116.6715875,-26.70106036,375.032
116.6717281,-26.70106036,375.032
116.6720095,-26.70106036,375.032
116.6721501,-26.70106036,375.032
116.6722908,-26.70106036,375.032
116.6715172,-26.7011698,375.032
116.6716578,-26.7011698,375.032
116.6717985,-26.7011698,375.032
116.6719391,-26.7011698,375.032
116.6720798,-26.7011698,375.032
116.6722204,-26.7011698,375.032
116.6715875,-26.70127923,375.032
116.6717281,-26.70127923,375.032
116.6718688,-26.70127923,375.032
116.6720095,-26.70127923,375.032
116.6721501,-26.70127923,375.032
116.6716578,-26.70138867,375.032
116.6717985,-26.70138867,375.032
116.6719391,-26.70138867,375.032
116.6720798,-26.70138867,375.032
116.66928508,-26.70094317,377.011
116.66983186,-26.70090368,377.285
116.66990073,-26.70094128,377.309
116.66999933,-26.70100978,377.291
116.66991651,-26.70109983,377.339
116.66976193,-26.70113922,377.258
116.66985215,-26.70115554,377.270
116.66929970,-26.70135417,377.214
116.66945434,-26.70079159,377.002
116.66938473,-26.70085578,377.018
116.66954750,-26.70077134,377.050
116.66985674,-26.70080288,377.254
116.67000800,-26.70078951,377.253
116.66995132,-26.70083713,377.300
116.67001651,-26.70088158,377.298
116.66902162,-26.70072580,376.623
116.67055272,-26.70152311,376.805
116.67055089,-26.70133534,376.872
116.67038323,-26.70121967,376.961
116.67024219,-26.70119849,377.123
116.67013846,-26.70107852,377.239
116.67008596,-26.70100101,377.266
116.67018662,-26.70096243,377.180
116.67028088,-26.70095459,377.100
116.67010692,-26.70089542,377.236
116.67018661,-26.70088818,377.204
116.67007783,-26.70082579,377.252
116.67033248,-26.70087608,377.066
116.67025596,-26.70084880,377.090
116.67056238,-26.70096226,376.948
116.67023645,-26.70077645,377.181
116.67064034,-26.70087043,376.910
116.66973223,-26.70138204,377.255
116.66980006,-26.70126489,377.260
116.66996771,-26.70127233,377.270
116.66999086,-26.70119300,377.270
116.67003528,-26.70111292,377.255
116.67007650,-26.70121284,377.239
116.67016140,-26.70127548,377.210
116.67028072,-26.70133957,377.078
116.66917778,-26.69816917,374.773
116.66950351,-26.70017899,376.570
116.67008902,-26.70068851,377.192
116.66999900,-26.70065938,377.196
116.66974570,-26.70062641,377.050
116.66978356,-26.70073486,377.157
116.66681675,-26.69999265,374.515
116.66814206,-26.69982907,375.322
116.67406693,-26.70150438,373.945
116.67253252,-26.70159479,375.032
116.67076478,-26.70069923,376.892
116.67032229,-26.70074772,377.115
116.67022597,-26.70067144,377.156
116.67045139,-26.70017396,376.976
116.67129370,-26.69850344,376.181
116.67164287,-26.69865699,376.314
116.67023,-26.70222,376.80
116.67257,-26.70373,375.01
116.67057,-26.70265,376.35
116.67171,-26.70407,375.76
116.67233,-26.70569,376.48
116.67011,-26.70354,376.18
116.66960,-26.70370,376.06
116.66991,-26.70221,377.03
116.66882,-26.70163,377.17
116.66880,-26.70248,377.03
116.66793,-26.70511,374.91
116.66689,-26.70374,375.38
116.66624,-26.70349,375.13
116.66608,-26.70167,374.77
116.66713,-26.70169,375.75
116.66708,-26.70094,375.26
116.66559,-26.69763,372.66
116.66587,-26.69789,372.96
116.66501,-26.69960,373.41
116.66491,-26.70426,375.24
116.66422,-26.70206,374.50
116.66391,-26.70143,374.28
116.65994,-26.70256,377.10
116.66048,-26.69816,374.15
116.66744,-26.68836,371.29
116.66851,-26.69524,373.76
116.66904,-26.69629,374.27
116.66821,-26.69529,373.56
116.66883,-26.69646,374.14
116.66828,-26.69674,373.84
116.66777,-26.69699,373.56
116.66185,-26.69352,370.54
116.67799,-26.69066,374.80
116.67368,-26.69776,375.17
116.67318,-26.69641,375.86
116.67308,-26.69594,375.81
116.67141,-26.69598,376.05
116.67020,-26.69603,375.22
116.67114,-26.69477,376.35
116.67080,-26.69060,373.84
116.67923,-26.69441,372.83
116.68262,-26.69559,372.29
116.68399,-26.69835,370.51
116.67638,-26.70114,372.31
116.67653,-26.70010,372.55
116.67570,-26.69951,373.00
116.67610,-26.69848,372.83
116.67462,-26.69745,374.30
116.68185,-26.70197,369.16
116.68286,-26.70734,368.46
116.67580,-26.70573,373.25
116.67382,-26.70378,374.63
116.67451,-26.70369,374.35
116.67626,-26.70416,372.84
116.67588,-26.70337,372.82
116.67605,-26.70266,372.64
116.67736,-26.71271,371.19
116.67524,-26.71088,372.32
116.67020,-26.70790,372.93
116.67116,-26.70700,374.05
116.67313,-26.70657,375.28
116.67338,-26.70665,375.24
116.67406,-26.70622,375.05
116.67407,-26.70611,375.14
116.66665,-26.70703,374.00
116.66936,-26.70713,373.52
116.66596,-26.71072,375.79
116.66501,-26.71114,375.61
116.66402,-26.70911,375.41
116.66445,-26.70555,375.58
116.66443,-26.70487,375.65
116.66508,-26.70567,375.28
116.67248,-26.71254,375.90
116.67877,-26.71062,373.80
116.68283,-26.70951,373.20
116.68762,-26.70756,371.00
116.68557,-26.70178,373.40
116.66749,-26.67776,378.00
116.67959,-26.68365,382.90
116.67755,-26.67809,382.60
116.68447,-26.68112,386.60
116.68764,-26.68385,386.80
116.67976,-26.68808,382.30
116.68724,-26.68982,382.00
116.68969,-26.70428,373.40
116.69378,-26.70564,373.10
116.69499,-26.70310,374.70
116.69330,-26.69962,375.50
116.69795,-26.69490,378.50
116.70124,-26.69343,377.20
116.70198,-26.68852,380.60
116.69077,-26.71171,370.10
116.68735,-26.71568,371.20
116.68196,-26.71370,374.50
116.67902,-26.71597,373.70
116.68415,-26.72008,370.90
116.67405,-26.72203,369.20
116.67599,-26.71674,373.80
116.65308,-26.70282,378.90
116.65475,-26.70396,381.10
116.65596,-26.70505,382.00
116.65714,-26.70742,380.80
116.65903,-26.70844,380.10
116.65975,-26.70955,380.90
116.66188,-26.71034,379.80
116.68729,-26.69566,377.40
116.69011,-26.69192,381.00
116.69418,-26.69409,378.30
116.69762,-26.69808,376.70
116.69081,-26.69773,379.00
116.68650,-26.71173,372.20
116.66265,-26.68020,374.20
116.67288,-26.67924,382.20
116.67581,-26.68207,381.50
116.67412,-26.68566,379.20
116.67027,-26.68358,378.30
116.66644,-26.68484,375.80
116.69143,-26.68734,383.70
116.69501,-26.68336,386.10
116.69950,-26.68566,384.00
116.69971,-26.69029,381.20
116.69435,-26.69102,381.00
116.69538,-26.68719,382.20
116.67460,-26.68941,378.60
116.68310,-26.69090,382.00
116.68445,-26.68658,383.70
116.68026,-26.72120,370.40
116.65138,-26.70168,378.00
