## From SKA1-LOW CONFIGURATION COORDINATES – COMPLETE SET SKA-TEL-SKO-0000422
0 ArrayCentre 116.76444824 -26.824722084
1 C1 116.7656958 -26.82616213
2 C2 116.7638445 -26.82390208
3 C3 116.7652199 -26.82526649
4 C4 116.7631025 -26.82522621
5 C5 116.7647773 -26.8246256
6 C6 116.7642328 -26.82304955
7 C7 116.7642588 -26.82409112
8 C8 116.7643702 -26.82511158
9 C9 116.7655743 -26.82412009
10 C10 116.7629315 -26.82423299
11 C11 116.7634496 -26.82421895
12 C12 116.7660855 -26.82346334
13 C13 116.764434 -26.82567181
14 C14 116.7648241 -26.82542327
15 C15 116.7639977 -26.82458089
16 C16 116.76235 -26.82468264
17 C17 116.7648535 -26.82389246
18 C18 116.7660333 -26.82406202
19 C19 116.7639692 -26.82518608
20 C20 116.7649743 -26.82494359
21 C21 116.7661302 -26.82456892
22 C22 116.7664076 -26.82523076
23 C23 116.7652657 -26.82572228
24 C24 116.7639449 -26.82339374
25 C25 116.7655391 -26.82334585
26 C26 116.7635051 -26.82313511
27 C27 116.7645575 -26.82352795
28 C28 116.7647429 -26.82638203
29 C29 116.7639194 -26.8258175
30 C30 116.7651615 -26.82357469
31 C31 116.7655796 -26.82548882
32 C32 116.7651775 -26.8229872
33 C33 116.7637741 -26.82626327
34 C34 116.7664875 -26.82408735 
35 C35 116.7635733 -26.82539741
36 C36 116.7629533 -26.82581548
37 C37 116.7652622 -26.82465247
38 C38 116.763197 -26.82474328
39 C39 116.7651991 -26.82641603
40 C40 116.762365 -26.82416395
41 C41 116.7635821 -26.82456678
42 C42 116.7665961 -26.82445806
43 C43 116.7623278 -26.82532
44 C44 116.7650416 -26.82433315
45 C45 116.7637493 -26.82664258
46 C46 116.7626395 -26.82374404
47 C47 116.7661077 -26.8259025
48 C48 116.7626086 -26.82497718
49 C49 116.7645825 -26.82273373
50 C50 116.7664695 -26.82569579
51 C51 116.7648189 -26.8232324
52 C52 116.7642184 -26.82614823
53 C53 116.7631868 -26.82369673
54 C54 116.7656619 -26.82448298
55 C55 116.7667313 -26.82487753
56 C56 116.762731 -26.82551227
57 C57 116.7648979 -26.82592941
58 C58 116.7634101 -26.82598422
59 C59 116.7644141 -26.82444769
60 C60 116.7658658 -26.82509463
61 C61 116.7629985 -26.82624788
62 C62 116.7633453 -26.8264584
63 C63 116.7635748 -26.8249937
64 C64 116.7630735 -26.82321344
65 C65 116.763844 -26.82278994
66 C66 116.7643541 -26.82669943
67 C67 116.7627885 -26.8246428
68 C68 116.7655856 -26.8229407
69 C69 116.76573 -26.82369721
70 C70 116.7641935 -26.82368476
71 C71 116.7660719 -26.82551408
72 C72 116.7664051 -26.82368991
73 C73 116.7648915 -26.82674108
74 C74 116.7625325 -26.82582826
75 C75 116.7654735 -26.82497225
76 C76 116.7666724 -26.8263833
77 C77 116.7667323 -26.82676355
78 C78 116.7622903 -26.82229899
79 C79 116.765972 -26.826839
80 C80 116.7612261 -26.82372357
81 C81 116.7653602 -26.82771787
82 C82 116.7629318 -26.82694292
83 C83 116.7676874 -26.8232883
84 C84 116.7625644 -26.8266925
85 C85 116.7667464 -26.82291965
86 C86 116.7634749 -26.82719424
87 C87 116.7618119 -26.82557159
88 C88 116.7650766 -26.82726871
89 C89 116.7627641 -26.82259065
90 C90 116.7611171 -26.82415185
91 C91 116.7625561 -26.82717254
92 C92 116.7613688 -26.82453504
93 C93 116.7630782 -26.82180883
94 C94 116.7676562 -26.82601497
95 C95 116.7618342 -26.82409022
96 C96 116.7615063 -26.8230708
97 C97 116.7655318 -26.82243768
98 C98 116.7674814 -26.82421677
99 C99 116.7658067 -26.82737004
100 C100 116.7657743 -26.82652234
101 C101 116.7637154 -26.82186055
102 C102 116.7632722 -26.82248305
103 C103 116.7672443 -26.82577806
104 C104 116.7663785 -26.8222438
105 C105 116.7639572 -26.82233732
106 C106 116.7617887 -26.82271557
107 C107 116.7672322 -26.82373648
108 C108 116.7619552 -26.82510197
109 C109 116.766025 -26.8220672
110 C110 116.7650688 -26.8220239
111 C111 116.7623618 -26.82616532
112 C112 116.7645691 -26.82726582
113 C113 116.7632117 -26.82754169
114 C114 116.7619306 -26.82322368
115 C115 116.7612722 -26.82592916
116 C116 116.7625917 -26.82337129
117 C117 116.7662542 -26.82643736
118 C118 116.7642128 -26.82162727
119 C119 116.7670238 -26.82321699
120 C120 116.7668953 -26.82544013
121 C121 116.7617877 -26.82359654
122 C122 116.7645958 -26.82200787
123 C123 116.7664847 -26.82324162
124 C124 116.7676787 -26.82483275
125 C125 116.7621427 -26.82679528
126 C126 116.7672799 -26.82637699
127 C127 116.7616701 -26.82676572
128 C128 116.7619853 -26.82645224
129 C129 116.7613318 -26.82551082
130 C130 116.7639869 -26.82754237
131 C131 116.7670361 -26.8240719
132 C132 116.7663923 -26.8270072
133 C133 116.7671616 -26.82270324
134 C134 116.765508 -26.82189009
135 C135 116.7612425 -26.82512591
136 C136 116.7679584 -26.82542389
137 C137 116.7623744 -26.82276627
138 C138 116.7647477 -26.82150613
139 C139 116.7629329 -26.82224217
140 C140 116.7619678 -26.82606404
141 C141 116.7671585 -26.82679451
142 C142 116.7642101 -26.82709931
143 C143 116.7663979 -26.82737196
144 C144 116.7678476 -26.8243953
145 C145 116.7669699 -26.82607547
146 C146 116.766436 -26.82262021
147 C147 116.7673229 -26.82462112
148 C148 116.7644016 -26.82236807
149 C149 116.7667764 -26.82242358
150 C150 116.7668133 -26.82360229
151 C151 116.7608894 -26.82448039
152 C152 116.7607716 -26.82561331
153 C153 116.7692364 -26.82537137
154 C154 116.7600421 -26.82595094
155 C155 116.7651875 -26.82067366
156 C156 116.7654471 -26.82851033
157 C157 116.7625149 -26.82829217
158 C158 116.7639783 -26.82837847
159 C159 116.7689187 -26.82619805
160 C160 116.7605068 -26.82665012
161 C161 116.7639655 -26.82042956
162 C162 116.761501 -26.82242644
163 C163 116.7681193 -26.8270427
164 C164 116.7668498 -26.82813455
165 C165 116.7692076 -26.82456854\166 C166 116.7654809 -26.82094253
167 C167 116.7661431 -26.82772179
168 C168 116.7606019 -26.82358528
169 C169 116.7682525 -26.8260924
170 C170 116.7604633 -26.82318797
171 C171 116.7664429 -26.82796436
172 C172 116.7660165 -26.82819704
173 C173 116.7645728 -26.82905447
174 C174 116.7675314 -26.8272293
175 C175 116.7624586 -26.82102651
176 C176 116.7608847 -26.82265242
177 C177 116.7632865 -26.82846085
178 C178 116.7607345 -26.8248991
179 C179 116.7644769 -26.82087515
180 C180 116.7681699 -26.82333822
181 C181 116.7682301 -26.82405862
182 C182 116.7609424 -26.82325877
183 C183 116.7670937 -26.8211167
184 C184 116.7620155 -26.82838396
185 C185 116.7615141 -26.82714452
186 C186 116.7606783 -26.8240858
187 C187 116.7683888 -26.82562745
188 C188 116.7687784 -26.82469982
189 C189 116.7685574 -26.82320781
190 C190 116.7690802 -26.82405775
191 C191 116.7649354 -26.82816363
192 C192 116.7610519 -26.82753365
193 C193 116.7636056 -26.82064889
194 C194 116.7619803 -26.82774132
195 C195 116.766841 -26.82140473
196 C196 116.7674363 -26.82199447
197 C197 116.7645558 -26.82803094
198 C198 116.7687968 -26.82531354
199 C199 116.7605767 -26.8222711
200 C200 116.7673223 -26.82536054
201 C201 116.7632579 -26.82895034
202 C202 116.7636043 -26.82802598
203 C203 116.7597497 -26.82468815
204 C204 116.7654148 -26.82888176
205 C205 116.7603687 -26.82456628
206 C206 116.7655075 -26.82811287
207 C207 116.7661761 -26.82039503
208 C208 116.7657018 -26.82024789
209 C209 116.766237 -26.82094143
210 C210 116.7658355 -26.82114907
211 C211 116.7658448 -26.82066269
212 C212 116.7665811 -26.82070712
213 C213 116.7594637 -26.82551953
214 C214 116.760274 -26.82553978
215 C215 116.7595995 -26.82505079
216 C216 116.7594015 -26.82601535
217 C217 116.7590858 -26.82572952
218 C218 116.7599512 -26.82528522
219 C219 116.7681085 -26.82825993
220 C220 116.7676949 -26.82807375
221 C221 116.7677415 -26.82757413
222 C222 116.7673268 -26.82826665
223 C223 116.7680177 -26.82785017
224 C224 116.7672243 -26.82788292
225 E1-1 116.7625261 -26.81952776
226 E1-2 116.76214 -26.81922881
227 E1-3 116.7624951 -26.81905514
228 E1-4 116.7618026 -26.81901179
229 E1-5 116.7627876 -26.81875596
230 E1-6 116.7621226 -26.81844456
231 E2-1 116.7566003 -26.82053684
232 E2-2 116.7560973 -26.82018844
233 E2-3 116.7573922 -26.82004696
234 E2-4 116.7567192 -26.82003458
235 E2-5 116.756218 -26.81971943
236 E2-6 116.7570381 -26.8196713
237 E3-1 116.7514223 -26.82589134
238 E3-2 116.7518352 -26.82586032
239 E3-3 116.7508835 -26.82549643
240 E3-4 116.7517473 -26.82542676
241 E3-5 116.7513282 -26.8253937
242 E3-6 116.7514347 -26.82501364
243 E4-1 116.7502748 -26.83568632
244 E4-2 116.7507354 -26.83559327
245 E4-3 116.7507847 -26.83516747
246 E4-4 116.7512427 -26.83508705
247 E4-5 116.7501241 -26.83498443
248 E4-6 116.7504918 -26.83456517
249 N1-1 116.7595356 -26.82962242
250 N1-2 116.7601634 -26.82958853
251 N1-3 116.7605723 -26.82951217
252 N1-4 116.7599187 -26.82929855
253 N1-5 116.7603288 -26.82919347
254 N1-6 116.7596437 -26.82883354
255 N2-1 116.7641701 -26.83344736
256 N2-2 116.763277 -26.83344256
257 N2-3 116.7636782 -26.83328188
258 N2-4 116.7632762 -26.83307677
259 N2-5 116.7641625 -26.83292457
260 N2-6 116.7636377 -26.83279788
261 N3-1 116.7720754 -26.83480946
262 N3-2 116.7716231 -26.83480486
263 N3-3 116.7711255 -26.83460356
264 N3-4 116.7718038 -26.83447496
265 N3-5 116.7712286 -26.83416072
266 N3-6 116.771844 -26.83395206
267 N4-1 116.781446 -26.83086504
268 N4-2 116.7812862 -26.83051562
269 N4-3 116.7816837 -26.83043171
270 N4-4 116.7809077 -26.83014305
271 N4-5 116.781665 -26.83002671
272 N4-6 116.7812162 -26.82970967
273 S1-1 116.7712081 -26.82635554
274 S1-2 116.7707807 -26.82608862
275 S1-3 116.7703495 -26.82601759
276 S1-4 116.7711987 -26.82599425
277 S1-5 116.7709057 -26.82555559
278 S1-6 116.771346 -26.82547128
279 S2-1 116.7731736 -26.82149082
280 S2-2 116.7724781 -26.82134622
281 S2-3 116.7728668 -26.82119927
282 S2-4 116.7722088 -26.82092698
283 S2-5 116.7732602 -26.82083391
284 S2-6 116.7729181 -26.82051935
285 S3-1 116.77076 -26.81477548
286 S3-2 116.7703685 -26.81432947
287 S3-3 116.7697476 -26.81424456
288 S3-4 116.7709254 -26.814188
289 S3-5 116.7699664 -26.81388139
290 S3-6 116.7704816 -26.81377524
291 S4-1 116.7614959 -26.80923605
292 S4-2 116.7608951 -26.80915608
293 S4-3 116.7618391 -26.8089547
294 S4-4 116.7612917 -26.80875042
295 S4-5 116.7615203 -26.80841398
296 S4-6 116.7608759 -26.8083982
297 E5-1 116.7587332 -26.84401939
298 E5-2 116.759376 -26.8436945
299 E5-3 116.7586957 -26.84362852
300 E5-4 116.7582087 -26.84349207
301 E5-5 116.7590992 -26.8432515
302 E5-6 116.7587641 -26.84290085
303 E6-1 116.7717757 -26.84982055
304 E6-2 116.7722389 -26.8496678
305 E6-3 116.7716965 -26.8492485
306 E6-4 116.7723869 -26.84913478
307 E6-5 116.7712392 -26.84905221
308 E6-6 116.7721156 -26.84880062
309 E7-1 116.7906546 -26.84871873
310 E7-2 116.7910643 -26.84858159
311 E7-3 116.7902597 -26.84850524
312 E7-4 116.7914326 -26.84840339
313 E7-5 116.7906374 -26.84802562
314 E7-6 116.7910356 -26.84784293
315 E8-1 116.8116834 -26.8363875
316 E8-2 116.8122839 -26.83617762
317 E8-3 116.8111791 -26.83610053
318 E8-4 116.8121056 -26.83573724
319 E8-5 116.8116868 -26.8357064
320 E8-6 116.8111292 -26.83563369
321 E9-1 116.8260794 -26.81029044
322 E9-2 116.8265037 -26.80997174
323 E9-3 116.8260445 -26.80978806
324 E9-4 116.8268659 -26.8095599
325 E9-5 116.8264983 -26.80940216
326 E9-6 116.8259655 -26.80940069
327 S5-1 116.7491197 -26.81159811
328 S5-2 116.7490368 -26.81110948
329 S5-3 116.7497598 -26.81089879
330 S5-4 116.7485873 -26.81085966
331 S5-5 116.7493085 -26.81079441
332 S5-6 116.7488285 -26.81053563
333 S6-1 116.73692 -26.81854892
334 S6-2 116.7375122 -26.81853796
335 S6-3 116.7372221 -26.81827563
336 S6-4 116.7377136 -26.81797591
337 S6-5 116.7367364 -26.81794295
338 S6-6 116.7372712 -26.81776037
339 S7-1 116.7286679 -26.83380303
340 S7-2 116.7281283 -26.83349757
341 S7-3 116.729078 -26.83343106
342 S7-4 116.7286717 -26.83319401
343 S7-5 116.7289506 -26.83288224
344 S7-6 116.7281976 -26.83282001
345 S8-1 116.7296391 -26.85615287
346 S8-2 116.730078 -26.85612864
347 S8-3 116.7304761 -26.8557565
348 S8-4 116.7301177 -26.85558085
349 S8-5 116.7296813 -26.8554553
350 S8-6 116.7300235 -26.85510865
351 S9-1 116.7478854 -26.8808053
352 S9-2 116.7473328 -26.88062234
353 S9-3 116.7478724 -26.88035103
354 S9-4 116.7472298 -26.88021481
355 S9-5 116.748383 -26.87997965
356 S9-6 116.7474901 -26.87988287
357 N5-1 116.7850701 -26.82021175
358 N5-2 116.7855589 -26.82011614
359 N5-3 116.7848147 -26.81985677
360 N5-4 116.7852719 -26.81969989
361 N5-5 116.7858608 -26.81948934
362 N5-6 116.7852128 -26.81933239
363 N6-1 116.7843139 -26.80709908
364 N6-2 116.7849618 -26.80707374
365 N6-3 116.7845245 -26.80678071
366 N6-4 116.7840824 -26.80675186
367 N6-5 116.7849826 -26.8067082
368 N6-6 116.7846095 -26.80630588
369 N7-1 116.7739576 -26.79285816
370 N7-2 116.7735055 -26.79272863
371 N7-3 116.77435 -26.79272657
372 N7-4 116.7746589 -26.79247024
373 N7-5 116.7742302 -26.7923251
374 N7-6 116.7738206 -26.79219491
375 N8-1 116.751504 -26.78292392
376 N8-2 116.7523517 -26.78266863
377 N8-3 116.7512876 -26.7826094
378 N8-4 116.7517838 -26.78244879
379 N8-5 116.7513973 -26.78223124
380 N8-6 116.7521219 -26.78209762
381 N9-1 116.7193762 -26.78456979
382 N9-2 116.7196822 -26.7842639
383 N9-3 116.7187744 -26.78420328
384 N9-4 116.719252 -26.78408796
385 N9-5 116.7195239 -26.78371643
386 N9-6 116.7188988 -26.78368162
387 E10-1 116.8347251 -26.86183361
388 E10-2 116.8342804 -26.86164365
389 E10-3 116.8353822 -26.86159443
390 E10-4 116.8347547 -26.86125446
391 E10-5 116.8344166 -26.86090372
392 E10-6 116.8352498 -26.86085453
393 E11-1 116.8641741 -26.85884989
394 E11-2 116.8635502 -26.85875772
395 E11-3 116.8638135 -26.85834267
396 E11-4 116.8646915 -26.85828286
397 E11-5 116.8635763 -26.85801337
398 E11-6 116.8643413 -26.85791961
399 E12-1 116.8672677 -26.90685382
400 E12-2 116.8667769 -26.90653487
401 E12-3 116.8661293 -26.90646317
402 E12-4 116.8671778 -26.90627143
403 E12-5 116.8667406 -26.90609081
404 E12-6 116.8662763 -26.90607502
405 E13-1 116.9401651 -26.83066265
406 E13-2 116.939229 -26.83063172
407 E13-3 116.9397344 -26.83052067
408 E13-4 116.9392539 -26.83022292
409 E13-5 116.9400031 -26.83018033
410 E13-6 116.9396576 -26.82996061
411 E14-1 116.9922351 -26.79910149
412 E14-2 116.9916118 -26.79869053
413 E14-3 116.9920247 -26.79865731
414 E14-4 116.992697 -26.79850662
415 E14-5 116.9918772 -26.79817229
416 E14-6 116.992574 -26.79815854
417 E15-1 117.0158826 -26.69737411
418 E15-2 117.0155745 -26.69710696
419 E15-3 117.0163344 -26.69690659
420 E15-4 117.0155941 -26.69669957
421 E15-5 117.0160366 -26.69663863
422 E15-6 117.015097 -26.69663301
423 E16-1 117.1008229 -26.69060145
424 E16-2 117.1003201 -26.69042059
425 E16-3 117.1015198 -26.69032867
426 E16-4 117.1005562 -26.69006225
427 E16-5 117.1009992 -26.68995218
428 E16-6 117.1005665 -26.68968323
429 S10-1 116.6934539 -26.86371635
430 S10-2 116.6936577 -26.86334071
431 S10-3 116.6941076 -26.86330526
432 S10-4 116.6932834 -26.86313582
433 S10-5 116.6937212 -26.86282395
434 S10-6 116.6931586 -26.8627504
435 S11-1 116.6668417 -26.89938694
436 S11-2 116.6672736 -26.89936111
437 S11-3 116.6674997 -26.89901461
438 S11-4 116.6661623 -26.89899702
439 S11-5 116.6667345 -26.89884808
440 S11-6 116.6667135 -26.89847171
441 S12-1 116.6218641 -26.86556325
442 S12-2 116.6212672 -26.86540474
443 S12-3 116.6208315 -26.86525589
444 S12-4 116.621577 -26.86514205
445 S12-5 116.6213033 -26.86477991
446 S12-6 116.6217451 -26.86464267
447 S13-1 116.6546503 -26.94986543
448 S13-2 116.6542507 -26.94979962
449 S13-3 116.6546675 -26.94946601
450 S13-4 116.6540421 -26.94928995
451 S13-5 116.6550571 -26.94915419
452 S13-6 116.6543997 -26.94911832
453 S14-1 116.6724423 -27.01281773
454 S14-2 116.6721329 -27.01251269
455 S14-3 116.6726607 -27.01237608
456 S14-4 116.6730805 -27.0122543
457 S14-5 116.6720641 -27.0121088
458 S14-6 116.6726346 -27.01176134
459 S15-1 116.7351089 -27.06410166
460 S15-2 116.7346048 -27.06378284
461 S15-3 116.7350979 -27.06373818
462 S15-4 116.7355793 -27.06357645
463 S15-5 116.7344587 -27.06344571
464 S15-6 116.7350865 -27.06310835
465 S16-1 116.7249893 -27.1277982
466 S16-2 116.724435 -27.12764575
467 S16-3 116.7254377 -27.12754544
468 S16-4 116.7248135 -27.12735621
469 S16-5 116.7242804 -27.12728241
470 S16-6 116.7251001 -27.12710078
471 N10-1 116.7629487 -26.75112622
472 N10-2 116.7625439 -26.75096449
473 N10-3 116.7621358 -26.75090194
474 N10-4 116.7630151 -26.7506993
475 N10-5 116.7626054 -26.75056332
476 N10-6 116.7622832 -26.75027502
477 N11-1 116.8051967 -26.72201945
478 N11-2 116.8047875 -26.72185078
479 N11-3 116.8052479 -26.72161088
480 N11-4 116.8048594 -26.72148053
481 N11-5 116.8056815 -26.72142646
482 N11-6 116.8051466 -26.72100477
483 N12-1 116.724607 -26.71304878
484 N12-2 116.7255168 -26.71297531
485 N12-3 116.7249974 -26.71277411
486 N12-4 116.7254227 -26.71243125
487 N12-5 116.724409 -26.7123979
488 N12-6 116.7250247 -26.71235314
489 N13-1 116.6800097 -26.68509088
490 N13-2 116.6804742 -26.68497943
491 N13-3 116.679759 -26.68478347
492 N13-4 116.6802311 -26.68456175
493 N13-5 116.6797926 -26.6843238
494 N13-6 116.6802678 -26.68417861
495 N14-1 116.6251814 -26.66188558
496 N14-2 116.6255395 -26.66171265
497 N14-3 116.6252055 -26.66138536
498 N14-4 116.6247743 -26.66135789
499 N14-5 116.6254795 -26.66102835
500 N14-6 116.6248381 -26.66091724
501 N15-1 116.5451045 -26.70523864
502 N15-2 116.5457026 -26.70507494
503 N15-3 116.5447327 -26.70483892
504 N15-4 116.5452025 -26.70475913
505 N15-5 116.5455658 -26.70459287
506 N15-6 116.5447619 -26.70436949
507 N16-1 116.4524201 -26.60142189
508 N16-2 116.4531913 -26.60116968
509 N16-3 116.4525443 -26.60096872
510 N16-4 116.4530798 -26.60078138
511 N16-5 116.4521352 -26.60072358
512 N16-6 116.4525771 -26.60055525
