## MWA-2 positions plus a guess at the EPA positions
-303.33, 1425.7, 0
35.323, 1181.1, 0
746.23, 1177.1, 0
870.81, 762.57, 0
1343.5, 330.27, 0
1135.8, -73.728, 0
1234.1, -668.63, 0
483.2, -1060.1, 0
687.88, -1261.5, 0
-442.89, -1042.5, 0
-539.83, -1353.7, 0
-646.55, -861.13, 0
1206.3, 635.07, 0
-1045.4, -145.13, 0
-988.61, 348.57, 0
-857.97, 855.97, 0
-38.487, 17.572, 0
-94.147, -47.628, 0
-21.307, 68.072, 0
9.7134, -27.928, 0
-57.187, 51.472, 0
9.4834, -7.1281, 0
-114.97, -9.5281, 0
-44.197, -58.828, 0
-71.937, -12.528, 0
-99.667, 55.272, 0
-116.55, 35.972, 0
-45.627, 67.572, 0
-36.647, 64.372, 0
-70.807, 71.172, 0
-61.507, 11.172, 0
-26.877, 42.272, 0
-28.857, 20.372, 0
-53.627, 17.672, 0
-44.667, 53.172, 0
-37.717, 49.172, 0
-46.257, 8.4719, 0
-29.277, -0.62812, 0
-19.987, 46.672, 0
-43.807, 42.972, 0
-18.967, 11.372, 0
-26.857, 34.072, 0
-90.497, 55.072, 0
-34.397, 6.4719, 0
-13.447, 57.872, 0
-36.867, 29.772, 0
18.233, 44.372, 0
-53.947, -104.43, 0
-22.017, -104.73, 0
-86.347, -97.228, 0
-34.817, 41.472, 0
-50.307, 47.872, 0
-62.177, 40.472, 0
-64.297, 61.272, 0
-48.547, -0.32812, 0
-52.877, 37.072, 0
-12.627, 43.072, 0
-65.227, 0.47188, 0
-69.067, 14.372, 0
-45.477, 28.772, 0
-21.827, 56.972, 0
-7.0766, 8.4719, 0
-106.67, 45.672, 0
10.523, 34.172, 0
-14.327, 33.672, 0
-17.167, -5.8281, 0
-457.42, 373.67, 0
-551.28, -332.33, 0
-619.65, -88.828, 0
-651.39, -19.028, 0
273.54, -589.13, 0
73.633, 719.97, 0
-375.41, -637.33, 0
-486.58, 402.17, 0
-542.5, 183.97, 0
-225.3, 661.57, 0
-141.8, 551.47, 0
409.75, -263.83, 0
-195.52, 667.77, 0
-22.387, 581.67, 0
536.92, -489.13, 0
-106.89, -649.73, 0
264.49, 590.57, 0
-268.52, 473.87, 0
519.75, 194.77, 0
292.65, -594.93, 0
265.4, 540.47, 0
93.153, 585.67, 0
320.18, 389.37, 0
360.55, -534.63, 0
-533.74, -488.33, 0
415.12, 423.57, 0
557.1, -152.53, 0
198.26, -487.83, 0
-217.57, 501.37, 0
-21.737, -732.13, 0
560.78, 310.97, 0
-163.04, 532.67, 0
604.16, 131.17, 0
586.96, 13.972, 0
71.103, -632.23, 0
-593.24, -476.93, 0
545.67, -234.33, 0
360.19, -546.83, 0
-598.63, -400.23, 0
572.09, -322.63, 0
-28.607, -246.83, 0
-361.98, 138.67, 0
-333.99, 37.372, 0
11.963, -152.43, 0
-0.75664, 121.47, 0
-249.96, -426.13, 0
-227.46, 160.17, 0
-72.647, -271.33, 0
332.13, -288.43, 0
213.62, -264.03, 0
-164.49, -134.73, 0
-419.72, -240.73, 0
362.86, -23.028, 0
117.34, 289.77, 0
-354.02, -274.33, 0
125.81, -309.63, 0
82.563, 306.67, 0
-162.53, -40.128, 0
-328.25, -44.928, 0
-128.01, 343.17, 0
-437.2, -43.728, 0
207.76, -24.028, 0
-1999.810, 206.850, 0
-1770.140, 53.590, 0
-1600.210, -64.260, 0
-1473.170, -194.320, 0
-1367.270, -453.650, 0
-1172.920, -569.740, 0
-1100.970, -698.660, 0
-889.290, -779.730, 0
-829.330, 2563.460, 0
-330.610, 2829.620, 0
-455.360, 2039.450, 0
-175.090, 2644.300, 0
-52.550, 2142.930, 0
776.550, 2535.700, 0
520.820, 2352.170, 0
327.910, 1962.280, 0
363.950, 1536.780, 0
875.570, 2181.300, 0
879.780, 1687.730, 0
1360.970, 2458.850, 0
1683.510, 2153.350, 0
1371.370, 1863.800, 0
1631.270, 1497.800, 0
1224.700, 1387.350, 0
1907.590, 1247.360, 0
2054.930, 1775.430, 0
2400.040, 2214.240, 0
2441.550, 1785.700, 0
2346.290, 1367.780, 0
2770.820, 1905.800, 0
3105.640, 1640.330, 0
2872.280, 1455.110, 0
1654.370, 845.050, 0
1994.470, 629.740, 0
2327.420, 1026.380, 0
2238.170, 408.810, 0
2698.580, 931.590, 0
2670.330, 572.920, 0
2405.670, 23.610, 0
3029.460, 1095.290, 0
803.010, -812.850, 0
1471.780, 179.530, 0
1177.920, -691.740, 0
1677.270, -478.330, 0
1559.380, -932.270, 0
1881.270, -106.660, 0
2285.480, -251.750, 0
1991.310, -940.610, 0
165.760, -991.570, 0
511.310, -1486.980, 0
338.490, -2065.830, 0
805.810, -1408.620, 0
1105.720, -1139.390, 0
931.990, -1975.870, 0
1336.340, -1867.290, 0
1664.290, -1355.780, 0
86.373, 284.121, 0
100.347, 284.097, 0
114.346, 284.092, 0
128.340, 284.104, 0
79.369, 271.986, 0
93.339, 271.976, 0
107.365, 271.957, 0
121.355, 271.991, 0
135.367, 271.962, 0
72.380, 259.848, 0
86.349, 259.844, 0
100.373, 259.847, 0
114.357, 259.839, 0
128.346, 259.848, 0
142.360, 259.849, 0
65.362, 247.723, 0
79.366, 247.742, 0
93.355, 247.743, 0
121.369, 247.744, 0
135.353, 247.721, 0
149.358, 247.731, 0
72.363, 235.610, 0
86.344, 235.606, 0
100.367, 235.616, 0
114.335, 235.598, 0
128.349, 235.610, 0
142.340, 235.586, 0
79.374, 223.474, 0
93.343, 223.488, 0
107.357, 223.462, 0
121.372, 223.488, 0
135.352, 223.486, 0
86.362, 211.341, 0
100.364, 211.338, 0
114.359, 211.353, 0
128.345, 211.358, 0
-9.985, 158.452, 0
4.006, 158.456, 0
18.022, 158.439, 0
32.013, 158.442, 0
-17.013, 146.309, 0
-2.985, 146.316, 0
11.022, 146.311, 0
25.002, 146.320, 0
39.014, 146.304, 0
-23.966, 134.201, 0
-9.983, 134.185, 0
4.005, 134.206, 0
17.990, 134.182, 0
32.009, 134.184, 0
46.016, 134.221, 0
-30.991, 122.075, 0
-16.989, 122.070, 0
-2.972, 122.058, 0
25.015, 122.055, 0
39.014, 122.090, 0
53.019, 122.052, 0
-23.994, 109.937, 0
-9.980, 109.944, 0
3.996, 109.951, 0
18.025, 109.959, 0
32.024, 109.944, 0
46.022, 109.949, 0
-16.987, 97.810, 0
-2.998, 97.819, 0
11.019, 97.833, 0
25.004, 97.836, 0
39.021, 97.820, 0
-9.987, 85.702, 0
4.018, 85.698, 0
18.018, 85.716, 0
32.013, 85.713, 0
5471.95, -7910.5, 0
7307.94, -3459.27, 0
