## Copy of SKA_LOW.tm layout
-1697.4514 -4573.3965 0.000
-1899.2457 -4327.0655 0.000
-1749.3325 -4475.7779 0.000
-1980.1129 -4471.3882 0.000
-1797.5638 -4405.9247 0.000
-1856.9187 -4234.1454 0.000
-1854.0911 -4347.6696 0.000
-1841.9336 -4458.8932 0.000
-1710.6926 -4350.8274 0.000
-1998.7477 -4363.1331 0.000
-1942.2702 -4361.6022 0.000
-1654.9874 -4279.2452 0.000
-1834.9829 -4519.9559 0.000
-1792.4691 -4492.8669 0.000
-1882.5416 -4401.0517 0.000
-2062.1261 -4412.1417 0.000
-1789.2553 -4326.0166 0.000
-1660.6675 -4344.4982 0.000
-1885.6433 -4467.0135 0.000
-1776.1014 -4440.5847 0.000
-1650.1045 -4399.7475 0.000
-1619.8727 -4471.8828 0.000
-1744.3374 -4525.4567 0.000
-1888.2965 -4271.6592 0.000
-1714.5416 -4266.4400 0.000
-1936.2289 -4243.4703 0.000
-1821.5300 -4286.2868 0.000
-1801.3132 -4597.3639 0.000
-1891.0743 -4535.8354 0.000
-1755.6977 -4291.3827 0.000
-1710.1196 -4500.0107 0.000
-1753.9538 -4227.3492 0.000
-1906.9064 -4584.4217 0.000
-1611.1656 -4347.2586 0.000
-1928.8048 -4490.0480 0.000
-1996.3686 -4535.6136 0.000
-1744.7236 -4408.8532 0.000
-1969.8114 -4418.7511 0.000
-1751.5995 -4601.0710 0.000
-2060.4943 -4355.6069 0.000
-1927.8332 -4399.5133 0.000
-1599.3320 -4387.6648 0.000
-2064.5427 -4481.6100 0.000
-1768.7645 -4374.0486 0.000
-1909.6095 -4625.7621 0.000
-2030.5739 -4309.8407 0.000
-1652.5708 -4545.0992 0.000
-2033.9372 -4444.2457 0.000
-1818.8020 -4199.7220 0.000
-1613.1338 -4522.5693 0.000
-1793.0297 -4254.0745 0.000
-1858.4882 -4571.8818 0.000
-1970.9201 -4304.6837 0.000
-1701.1510 -4390.3790 0.000
-1584.5961 -4433.3837 0.000
-2020.6088 -4502.5667 0.000
-1784.4223 -4548.0315 0.000
-1946.5802 -4554.0056 0.000
-1837.1628 -4386.5337 0.000
-1678.9287 -4457.0459 0.000
-1991.4483 -4582.7426 0.000
-1953.6430 -4605.6886 0.000
-1928.6304 -4446.0456 0.000
-1983.2644 -4252.0092 0.000
-1899.2955 -4205.8494 0.000
-1843.6900 -4631.9592 0.000
-2014.3307 -4407.7994 0.000
-1709.4719 -4222.2806 0.000
-1693.7269 -4304.7360 0.000
-1861.1913 -4303.3795 0.000
-1656.4697 -4502.7648 0.000
-1620.1467 -4303.9401 0.000
-1785.1198 -4636.4996 0.000
-2042.2332 -4537.0075 0.000
-1721.6792 -4443.7075 0.000
-1591.0111 -4597.5035 0.000
-1584.4840 -4638.9485 0.000
-2068.6284 -4152.3390 0.000
-1667.3566 -4647.1723 0.000
-2184.6227 -4307.6097 0.000
-1734.0360 -4742.9623 0.000
-1998.7228 -4658.4989 0.000
-1480.3855 -4260.1669 0.000
-2038.7578 -4631.2031 0.000
-1582.9518 -4219.9862 0.000
-1939.5174 -4685.8906 0.000
-2120.7710 -4509.0316 0.000
-1764.9528 -4694.0072 0.000
-2016.9964 -4184.1278 0.000
-2196.5062 -4354.2890 0.000
-2039.6547 -4683.5264 0.000
-2169.0771 -4396.0542 0.000
-1982.7537 -4098.9146 0.000
-1483.7861 -4557.3589 0.000
-2118.3545 -4347.5725 0.000
-2154.0920 -4236.4623 0.000
-1715.3264 -4167.4549 0.000
-1502.8444 -4361.3655 0.000
-1685.3686 -4705.0524 0.000
-1688.9063 -4612.6580 0.000
-1913.3090 -4104.5511 0.000
-1961.6151 -4172.4001 0.000
-1528.6791 -4531.5367 0.000
-1623.0491 -4146.3238 0.000
-1886.9512 -4156.5169 0.000
-2123.3121 -4197.7427 0.000
-1529.9995 -4309.0161 0.000
-2105.1631 -4457.8469 0.000
-1661.5769 -4127.0748 0.000
-1765.7999 -4122.3563 0.000
-2060.8431 -4573.7453 0.000
-1820.2719 -4693.6921 0.000
-1968.2046 -4723.7607 0.000
-2107.8412 -4253.1240 0.000
-2179.6028 -4548.0053 0.000
-2035.7932 -4269.2128 0.000
-1636.5892 -4603.3954 0.000
-1859.0986 -4079.1250 0.000
-1552.7076 -4252.3953 0.000
-1566.7211 -4494.7030 0.000
-2123.4118 -4293.7632 0.000
-1817.3571 -4120.6087 0.000
-1611.4771 -4255.0797 0.000
-1481.3322 -4428.5032 0.000
-2084.7221 -4642.4064 0.000
-1524.7927 -4596.8159 0.000
-2136.2419 -4639.1840 0.000
-2101.8746 -4605.0172 0.000
-2173.1005 -4502.4085 0.000
-1883.7250 -4723.8342 0.000
-1551.3747 -4345.5745 0.000
-1621.5419 -4665.5044 0.000
-1537.6976 -4196.3987 0.000
-1717.9298 -4107.7711 0.000
-2182.8415 -4460.4552 0.000
-1450.8513 -4492.9341 0.000
-2059.4604 -4203.2696 0.000
-1800.7900 -4065.9224 0.000
-1998.5983 -4146.1456 0.000
-2103.7929 -4562.7064 0.000
-1538.0339 -4642.3230 0.000
-1859.3851 -4675.5431 0.000
-1620.9315 -4705.2604 0.000
-1462.9216 -4380.8237 0.000
-1558.5870 -4563.9508 0.000
-1616.7835 -4187.3503 0.000
-1520.1091 -4405.4364 0.000
-1838.5081 -4159.8677 0.000
-1579.6758 -4165.9177 0.000
-1575.6523 -4294.3897 0.000
-2221.3194 -4390.0988 0.000
-2234.1620 -4513.5795 0.000
-1311.5634 -4487.2104 0.000
-2313.6714 -4550.3795 0.000
-1752.8576 -3975.1872 0.000
-1724.5691 -4829.3365 0.000
-2044.1639 -4805.5584 0.000
-1884.6592 -4814.9642 0.000
-1346.1798 -4577.3128 0.000
-2263.0235 -4626.5855 0.000
-1886.0419 -3948.5815 0.000
-2154.6650 -4166.2304 0.000
-1433.3126 -4669.3746 0.000
-1571.6787 -4788.3785 0.000
-1314.6899 -4399.7064 0.000
-1720.8820 -4004.4935 0.000
-1648.7093 -4743.3908 0.000
-2252.6598 -4292.5374 0.000
-1418.8009 -4565.7981 0.000
-2267.7695 -4249.2326 0.000
-1616.0237 -4769.8296 0.000
-1662.5111 -4795.1896 0.000
-1819.8484 -4888.6441 0.000
-1497.3885 -4689.7123 0.000
-2050.2925 -4013.6465 0.000
-2221.8426 -4190.8605 0.000
-1960.0580 -4823.9441 0.000
-2238.2103 -4435.7354 0.000
-1830.3118 -3997.1492 0.000
-1427.7944 -4265.6079 0.000
-1421.2299 -4344.1283 0.000
-2215.5396 -4256.9494 0.000
-1545.0967 -4023.4771 0.000
-2098.5861 -4815.5634 0.000
-2153.2450 -4680.4721 0.000
-2244.3389 -4347.0904 0.000
-1403.9403 -4515.1203 0.000
-1361.4763 -4414.0151 0.000
-1385.5546 -4251.3951 0.000
-1328.5789 -4344.0336 0.000
-1780.3365 -4791.5486 0.000
-2203.6188 -4722.8850 0.000
-1925.2797 -3972.4879 0.000
-2102.4227 -4745.5196 0.000
-1572.6379 -4054.8698 0.000
-1507.7523 -4119.1488 0.000
-1821.7044 -4777.0855 0.000
-1359.4708 -4480.9075 0.000
-2255.4002 -4149.2996 0.000
-1520.1838 -4486.0283 0.000
-1963.1722 -4877.2950 0.000
-1925.4167 -4776.5461 0.000
-2345.5475 -4412.7433 0.000
-1728.0942 -4869.8199 0.000
-2278.0709 -4399.4598 0.000
-1717.9796 -4786.0155 0.000
-1645.1094 -3944.8184 0.000
-1696.8037 -3928.7820 0.000
-1638.4702 -4004.3727 0.000
-1682.2421 -4027.0048 0.000
-1681.2082 -3973.9914 0.000
-1600.9638 -3978.8345 0.000
-2101.9867 -3787.1324 0.000
-2013.6706 -3789.3384 0.000
-2087.1885 -3736.0423 0.000
-2108.7630 -3841.1734 0.000
-2024.3208 -3833.3794 0.000
-2143.1802 -3810.0211 0.000
-2714.6068 -3867.6035 0.000
-2675.8299 -3937.9213 0.000
-2653.3834 -3870.6341 0.000
-2626.7516 -3943.4433 0.000
-2749.1734 -3901.2197 0.000
-2714.5072 -3959.5021 0.000
-3314.2349 -4498.1945 0.000
-3263.8735 -4524.0354 0.000
-3257.3588 -4469.3167 0.000
-3173.0910 -4482.7772 0.000
-3301.0809 -4447.0745 0.000
-3216.9626 -4525.3084 0.000
-3314.4467 -5562.9061 0.000
-3348.5275 -5517.8786 0.000
-3360.1244 -5559.3025 0.000
-3304.8676 -5610.1621 0.000
-3408.6049 -5570.5008 0.000
-3378.2361 -5611.4850 0.000
-2357.5056 -4450.9310 0.000
-2397.5655 -4496.6300 0.000
-2354.4164 -4510.8664 0.000
-2293.2678 -4497.7037 0.000
-2402.5979 -4554.4690 0.000
-2309.8847 -4455.8439 0.000
-2300.2683 -4944.8724 0.000
-2306.6086 -4905.3282 0.000
-2255.6244 -4894.3205 0.000
-2343.2430 -4874.6617 0.000
-2359.0502 -4936.0882 0.000
-2250.9533 -4945.3769 0.000
-1961.5653 -5311.8391 0.000
-1927.9329 -5264.6081 0.000
-1876.9736 -5343.3128 0.000
-1902.8954 -5390.5389 0.000
-1879.0164 -5299.1697 0.000
-1920.3095 -5352.4533 0.000
-1043.0524 -5494.5527 0.000
-1074.9907 -5446.7424 0.000
-1088.6056 -5504.8380 0.000
-1135.6162 -5497.0963 0.000
-1026.9960 -5437.5520 0.000
-1042.0309 -5533.9312 0.000
28.2138 -4962.2155 0.000
22.6209 -5036.3239 0.000
-49.1033 -5006.6489 0.000
65.4960 -4996.4994 0.000
-19.7559 -5052.3416 0.000
56.0664 -5068.0990 0.000
-1479.9121 -4763.4955 0.000
-1547.5880 -4754.2403 0.000
-1437.2364 -4812.1080 0.000
-1419.1995 -4748.0781 0.000
-1528.3303 -4809.4909 0.000
-1510.4180 -4728.0656 0.000
-1130.6585 -4526.2626 0.000
-1087.4222 -4499.4401 0.000
-1154.5375 -4562.0138 0.000
-1059.9682 -4563.2794 0.000
-1127.9056 -4482.4670 0.000
-1110.5912 -4592.0849 0.000
-960.3292 -4006.8739 0.000
-899.5417 -3973.3860 0.000
-885.6279 -4015.7342 0.000
-952.8927 -4057.7548 0.000
-873.0344 -4065.8751 0.000
-958.9590 -3964.0985 0.000
-1177.7812 -3346.3875 0.000
-1192.1933 -3290.4543 0.000
-1229.6498 -3259.9684 0.000
-1169.1738 -3244.5374 0.000
-1143.5509 -3301.8233 0.000
-1222.0389 -3323.1437 0.000
-2170.4971 -2633.8355 0.000
-2182.0193 -2673.5965 0.000
-2139.9664 -2692.3310 0.000
-2124.5827 -2642.5065 0.000
-2229.3912 -2669.5668 0.000
-2186.9023 -2739.6318 0.000
-2545.8719 -6706.8507 0.000
-2483.7267 -6740.2177 0.000
-2602.7231 -6754.3583 0.000
-2530.1145 -6747.6094 0.000
-2546.7189 -6806.8423 0.000
-2471.8184 -6781.9144 0.000
-920.1073 -7469.6232 0.000
-957.8628 -7516.9714 0.000
-871.7639 -7452.2963 0.000
-876.2108 -7531.2602 0.000
-950.6131 -7437.9465 0.000
-980.2221 -7476.0794 0.000
1452.5204 -7370.7403 0.000
1468.0536 -7309.1506 0.000
1384.6702 -7359.3202 0.000
1428.2677 -7403.5829 0.000
1507.4658 -7330.6006 0.000
1472.9864 -7406.7643 0.000
4009.0924 -5780.2585 0.000
4023.4049 -5890.2053 0.000
4066.2675 -5798.1223 0.000
4079.3218 -5876.3350 0.000
4013.5518 -5826.1331 0.000
4059.8773 -5837.3452 0.000
5875.6773 -2583.5252 0.000
5859.5961 -2527.4875 0.000
5912.3865 -2523.2373 0.000
5829.0404 -2562.9273 0.000
5936.8011 -2567.8700 0.000
5844.5985 -2617.7493 0.000
-3724.1016 -2711.7406 0.000
-3763.7130 -2689.1845 0.000
-3763.0155 -2766.8417 0.000
-3789.4107 -2726.1751 0.000
-3708.3193 -2754.4662 0.000
-3675.3969 -2686.1576 0.000
-5189.6639 -3592.6176 0.000
-5287.7957 -3597.3436 0.000
-5262.5839 -3635.1962 0.000
-5230.3217 -3548.7535 0.000
-5239.6142 -3600.5038 0.000
-5191.9559 -3632.4583 0.000
-6371.6429 -5518.5438 0.000
-6337.2632 -5460.3834 0.000
-6245.8578 -5490.4221 0.000
-6292.6068 -5474.5875 0.000
-6279.5525 -5518.3494 0.000
-6322.3403 -5532.6781 0.000
-6101.9735 -8240.0527 0.000
-6169.3753 -8330.1028 0.000
-6180.9971 -8254.6031 0.000
-6138.8570 -8278.3226 0.000
-6192.9678 -8295.8177 0.000
-6076.9111 -8302.2926 0.000
-3942.4007 -11348.6717 0.000
-3890.3078 -11336.0919 0.000
-3876.7428 -11388.6058 0.000
-3928.8356 -11291.8118 0.000
-3860.6490 -11295.5923 0.000
-3843.3595 -11355.2586 0.000
758.0241 -3790.3524 0.000
754.7606 -3853.4754 0.000
721.2029 -3752.1099 0.000
706.3175 -3832.7541 0.000
826.3726 -3827.4315 0.000
811.9854 -3746.7810 0.000
608.4098 -2222.0767 0.000
694.6582 -2130.7748 0.000
637.1344 -2176.8549 0.000
676.3846 -2232.1615 0.000
732.7874 -2170.3888 0.000
611.3247 -2140.9480 0.000
-632.3013 -405.3388 0.000
-578.9005 -440.1383 0.000
-702.8172 -397.4775 0.000
-686.7733 -355.1817 0.000
-588.6415 -376.6528 0.000
-636.2126 -356.9355 0.000
-3458.7047 838.6945 0.000
-3374.2874 887.7816 0.000
-3411.8934 911.7802 0.000
-3455.9269 883.2487 0.000
-3403.6223 850.7262 0.000
-3356.7238 835.1880 0.000
-7435.6844 686.0160 0.000
-7495.6871 631.7682 0.000
-7511.6438 684.6632 0.000
-7540.7046 628.2343 0.000
-7422.3809 648.0512 0.000
-7472.8669 583.3101 0.000
6868.5303 -8933.3059 0.000
6971.0717 -8934.0483 0.000
6920.5608 -8985.0287 0.000
7003.5456 -8963.2947 0.000
6922.7656 -8940.6290 0.000
6954.1434 -9014.1880 0.000
10533.4513 -8588.2264 0.000
10562.4499 -8647.0444 0.000
10581.8321 -8576.3093 0.000
10638.5712 -8617.4392 0.000
10507.6042 -8627.2399 0.000
10534.6596 -8546.9171 0.000
10926.2153 -14563.2239 0.000
10878.5445 -14597.2748 0.000
10897.2291 -14660.5261 0.000
10968.4301 -14615.6319 0.000
10864.8673 -14555.2829 0.000
10919.3891 -14619.5557 0.000
19986.8795 -5118.8229 0.000
19984.4879 -5077.8063 0.000
19998.6882 -5177.5338 0.000
20070.2629 -5136.8137 0.000
19924.5848 -5135.1782 0.000
20045.7362 -5174.6277 0.000
26523.5453 -1176.3674 0.000
26557.1902 -1147.6466 0.000
26527.2573 -1108.2544 0.000
26476.0240 -1160.2687 0.000
26575.3392 -1093.1696 0.000
26588.6178 -1193.4738 0.000
29501.6432 11519.8020 0.000
29459.3785 11485.7062 0.000
29430.1308 11523.5289 0.000
29457.6346 11442.1660 0.000
29414.1616 11449.2288 0.000
29391.2916 11504.7234 0.000
40076.1385 12287.9619 0.000
40099.6811 12336.1720 0.000
40034.7457 12365.1096 0.000
40042.3815 12321.1085 0.000
40096.6044 12403.1690 0.000
40145.2593 12349.5839 0.000
-10648.6858 -9209.6731 0.000
-10702.3357 -9214.5262 0.000
-10647.5024 -9249.2921 0.000
-10718.2301 -9177.7734 0.000
-10649.9065 -9141.0220 0.000
-10596.3065 -9192.0597 0.000
-14030.7086 -13694.3487 0.000
-13989.5152 -13662.8065 0.000
-13958.3118 -13634.9763 0.000
-14047.4999 -13654.7384 0.000
-13921.6276 -13683.4592 0.000
-13970.4070 -13710.9905 0.000
-19657.3444 -9452.6385 0.000
-19664.1083 -9496.3556 0.000
-19619.9626 -9514.0263 0.000
-19692.4591 -9421.1797 0.000
-19612.6632 -9467.5027 0.000
-19708.6276 -9489.4933 0.000
-15488.1494 -19939.3868 0.000
-15538.4734 -19965.4806 0.000
-15493.8046 -19983.9111 0.000
-15440.7651 -19919.3370 0.000
-15530.5635 -19925.1354 0.000
-15499.1359 -19873.3154 0.000
-13282.1016 -27791.8836 0.000
-13235.6141 -27754.5330 0.000
-13346.3893 -27750.8558 0.000
-13225.3625 -27813.8331 0.000
-13324.7773 -27821.8027 0.000
-13279.1120 -27746.0028 0.000
-5530.8956 -34163.2263 0.000
-5456.3189 -34234.6528 0.000
-5534.5453 -34213.3236 0.000
-5507.1162 -34246.8178 0.000
-5478.9398 -34147.3817 0.000
-5482.9258 -34189.1395 0.000
-6772.9022 -42121.2840 0.000
-6813.1489 -42070.2935 0.000
-6742.9445 -42082.3538 0.000
-6775.4807 -42175.8020 0.000
-6820.0872 -42118.3231 0.000
-6736.3052 -42156.9281 0.000
-2062.9482 4806.8900 0.000
-2008.3517 4772.5526 0.000
-2111.0799 4849.2855 0.000
-2023.3741 4825.0739 0.000
-2073.5362 4754.6115 0.000
-2114.1691 4798.1157 0.000
3174.2743 8458.7604 0.000
3219.0054 8432.1522 0.000
3222.4309 8477.2271 0.000
3205.5898 8382.7263 0.000
3277.3638 8452.7165 0.000
3289.6583 8410.4232 0.000
-6751.2031 9480.2756 0.000
-6775.0696 9521.3706 0.000
-6745.4482 9559.4699 0.000
-6704.6285 9518.1531 0.000
-6818.2312 9551.9138 0.000
-6800.8918 9482.4816 0.000
-12312.7041 13037.4845 0.000
-12365.6938 12999.5983 0.000
-12367.3256 13074.6707 0.000
-12309.3160 12996.4543 0.000
-12325.6713 13101.4770 0.000
-12417.3008 13021.3945 0.000
-19157.3803 15871.7579 0.000
-19162.0390 15911.8389 0.000
-19192.8812 15971.1229 0.000
-19106.2716 15918.9117 0.000
-19212.3755 15899.0748 0.000
-19142.7191 15985.5624 0.000
-29137.5291 10575.2750 0.000
-29157.6711 10516.4395 0.000
-29202.1157 10534.6284 0.000
-29073.9763 10528.6468 0.000
-29094.5917 10564.0157 0.000
-29176.1066 10595.8070 0.000
-40701.3521 23426.6442 0.000
-40709.0003 23467.9759 0.000
-40675.9658 23382.9868 0.000
-40642.1715 23446.8198 0.000
-40618.2801 23408.8202 0.000
-40690.4402 23508.3870 0.000
