## From SKA1-LOW CONFIGURATION COORDINATES – COMPLETE SET SKA-TEL-SKO-0000422
## I have taken all of South Arm, plus most of the Centre
116.7631025 -26.82522621
116.7647773 -26.8246256
116.7642328 -26.82304955
116.7642588 -26.82409112
116.7643702 -26.82511158
116.7655743 -26.82412009
116.7629315 -26.82423299
116.7634496 -26.82421895
116.7660855 -26.82346334
116.764434 -26.82567181
116.7648241 -26.82542327
116.7639977 -26.82458089
116.76235 -26.82468264
116.7648535 -26.82389246
116.7660333 -26.82406202
116.7639692 -26.82518608
116.7649743 -26.82494359
116.7661302 -26.82456892
116.7664076 -26.82523076
116.7652657 -26.82572228
116.7639449 -26.82339374
116.7655391 -26.82334585
116.7635051 -26.82313511
116.7645575 -26.82352795
116.7647429 -26.82638203
116.7639194 -26.8258175
116.7651615 -26.82357469
116.7655796 -26.82548882
116.7651775 -26.8229872
116.7637741 -26.82626327
116.7664875 -26.82408735 
116.7635733 -26.82539741
116.7629533 -26.82581548
116.7652622 -26.82465247
116.763197 -26.82474328
116.7651991 -26.82641603
116.762365 -26.82416395
116.7635821 -26.82456678
116.7665961 -26.82445806
116.7623278 -26.82532
116.7650416 -26.82433315
116.7637493 -26.82664258
116.7626395 -26.82374404
116.7661077 -26.8259025
116.7626086 -26.82497718
116.7645825 -26.82273373
116.7664695 -26.82569579
116.7648189 -26.8232324
116.7642184 -26.82614823
116.7631868 -26.82369673
116.7656619 -26.82448298
116.7667313 -26.82487753
116.762731 -26.82551227
116.7648979 -26.82592941
116.7634101 -26.82598422
116.7644141 -26.82444769
116.7658658 -26.82509463
116.7629985 -26.82624788
116.7633453 -26.8264584
116.7635748 -26.8249937
116.7630735 -26.82321344
116.763844 -26.82278994
116.7643541 -26.82669943
116.7627885 -26.8246428
116.7655856 -26.8229407
116.76573 -26.82369721
116.7641935 -26.82368476
116.7660719 -26.82551408
116.7664051 -26.82368991
116.7648915 -26.82674108
116.7625325 -26.82582826
116.7654735 -26.82497225
116.7666724 -26.8263833
116.7667323 -26.82676355
116.7622903 -26.82229899
116.765972 -26.826839
116.7612261 -26.82372357
116.7653602 -26.82771787
116.7629318 -26.82694292
116.7676874 -26.8232883
116.7625644 -26.8266925
116.7667464 -26.82291965
116.7634749 -26.82719424
116.7618119 -26.82557159
116.7650766 -26.82726871
116.7627641 -26.82259065
116.7611171 -26.82415185
116.7625561 -26.82717254
116.7613688 -26.82453504
116.7630782 -26.82180883
116.7676562 -26.82601497
116.7618342 -26.82409022
116.7615063 -26.8230708
116.7655318 -26.82243768
116.7674814 -26.82421677
116.7658067 -26.82737004
116.7657743 -26.82652234
116.7637154 -26.82186055
116.7632722 -26.82248305
116.7672443 -26.82577806
116.7663785 -26.8222438
116.7639572 -26.82233732
116.7617887 -26.82271557
116.7672322 -26.82373648
116.7619552 -26.82510197
116.766025 -26.8220672
116.7650688 -26.8220239
116.7623618 -26.82616532
116.7645691 -26.82726582
116.7632117 -26.82754169
116.7619306 -26.82322368
116.7612722 -26.82592916
116.7625917 -26.82337129
116.7662542 -26.82643736
116.7642128 -26.82162727
116.7670238 -26.82321699
116.7668953 -26.82544013
116.7617877 -26.82359654
116.7645958 -26.82200787
116.7664847 -26.82324162
116.7676787 -26.82483275
116.7621427 -26.82679528
116.7672799 -26.82637699
116.7616701 -26.82676572
116.7619853 -26.82645224
116.7613318 -26.82551082
116.7639869 -26.82754237
116.7670361 -26.8240719
116.7663923 -26.8270072
116.7671616 -26.82270324
116.765508 -26.82189009
116.7612425 -26.82512591
116.7679584 -26.82542389
116.7623744 -26.82276627
116.7647477 -26.82150613
116.7629329 -26.82224217
116.7619678 -26.82606404
116.7671585 -26.82679451
116.7642101 -26.82709931
116.7663979 -26.82737196
116.7678476 -26.8243953
116.7669699 -26.82607547
116.766436 -26.82262021
116.7673229 -26.82462112
116.7644016 -26.82236807
116.7667764 -26.82242358
116.7668133 -26.82360229
116.7608894 -26.82448039
116.7607716 -26.82561331
116.7692364 -26.82537137
116.7600421 -26.82595094
116.7651875 -26.82067366
116.7654471 -26.82851033
116.7625149 -26.82829217
116.7639783 -26.82837847
116.7689187 -26.82619805
116.7605068 -26.82665012
116.7639655 -26.82042956
116.761501 -26.82242644
116.7681193 -26.8270427
116.7712081 -26.82635554
116.7707807 -26.82608862
116.7703495 -26.82601759
116.7711987 -26.82599425
116.7709057 -26.82555559
116.771346 -26.82547128
116.7731736 -26.82149082
116.7724781 -26.82134622
116.7728668 -26.82119927
116.7722088 -26.82092698
116.7732602 -26.82083391
116.7729181 -26.82051935
116.77076 -26.81477548
116.7703685 -26.81432947
116.7697476 -26.81424456
116.7709254 -26.814188
116.7699664 -26.81388139
116.7704816 -26.81377524
116.7614959 -26.80923605
116.7608951 -26.80915608
116.7618391 -26.8089547
116.7612917 -26.80875042
116.7615203 -26.80841398
116.7608759 -26.8083982
116.7491197 -26.81159811
116.7490368 -26.81110948
116.7497598 -26.81089879
116.7485873 -26.81085966
116.7493085 -26.81079441
116.7488285 -26.81053563
116.73692 -26.81854892
116.7375122 -26.81853796
116.7372221 -26.81827563
116.7377136 -26.81797591
116.7367364 -26.81794295
116.7372712 -26.81776037
116.7286679 -26.83380303
116.7281283 -26.83349757
116.729078 -26.83343106
116.7286717 -26.83319401
116.7289506 -26.83288224
116.7281976 -26.83282001
116.7296391 -26.85615287
116.730078 -26.85612864
116.7304761 -26.8557565
116.7301177 -26.85558085
116.7296813 -26.8554553
116.7300235 -26.85510865
116.7478854 -26.8808053
116.7473328 -26.88062234
116.7478724 -26.88035103
116.7472298 -26.88021481
116.748383 -26.87997965
116.7474901 -26.87988287
116.6934539 -26.86371635
116.6936577 -26.86334071
116.6941076 -26.86330526
116.6932834 -26.86313582
116.6937212 -26.86282395
116.6931586 -26.8627504
116.6668417 -26.89938694
116.6672736 -26.89936111
116.6674997 -26.89901461
116.6661623 -26.89899702
116.6667345 -26.89884808
116.6667135 -26.89847171
116.6218641 -26.86556325
116.6212672 -26.86540474
116.6208315 -26.86525589
116.621577 -26.86514205
116.6213033 -26.86477991
116.6217451 -26.86464267
116.6546503 -26.94986543
116.6542507 -26.94979962
116.6546675 -26.94946601
116.6540421 -26.94928995
116.6550571 -26.94915419
116.6543997 -26.94911832
116.6724423 -27.01281773
116.6721329 -27.01251269
116.6726607 -27.01237608
116.6730805 -27.0122543
116.6720641 -27.0121088
116.6726346 -27.01176134
116.7351089 -27.06410166
116.7346048 -27.06378284
116.7350979 -27.06373818
116.7355793 -27.06357645
116.7344587 -27.06344571
116.7350865 -27.06310835
116.7249893 -27.1277982
116.724435 -27.12764575
116.7254377 -27.12754544
116.7248135 -27.12735621
116.7242804 -27.12728241
116.7251001 -27.12710078
