## The first 256 entries of SKA_Low.tm
-1697.4514 -4573.3965 0.000
-1899.2457 -4327.0655 0.000
-1749.3325 -4475.7779 0.000
-1980.1129 -4471.3882 0.000
-1797.5638 -4405.9247 0.000
-1856.9187 -4234.1454 0.000
-1854.0911 -4347.6696 0.000
-1841.9336 -4458.8932 0.000
-1710.6926 -4350.8274 0.000
-1998.7477 -4363.1331 0.000
-1942.2702 -4361.6022 0.000
-1654.9874 -4279.2452 0.000
-1834.9829 -4519.9559 0.000
-1792.4691 -4492.8669 0.000
-1882.5416 -4401.0517 0.000
-2062.1261 -4412.1417 0.000
-1789.2553 -4326.0166 0.000
-1660.6675 -4344.4982 0.000
-1885.6433 -4467.0135 0.000
-1776.1014 -4440.5847 0.000
-1650.1045 -4399.7475 0.000
-1619.8727 -4471.8828 0.000
-1744.3374 -4525.4567 0.000
-1888.2965 -4271.6592 0.000
-1714.5416 -4266.4400 0.000
-1936.2289 -4243.4703 0.000
-1821.5300 -4286.2868 0.000
-1801.3132 -4597.3639 0.000
-1891.0743 -4535.8354 0.000
-1755.6977 -4291.3827 0.000
-1710.1196 -4500.0107 0.000
-1753.9538 -4227.3492 0.000
-1906.9064 -4584.4217 0.000
-1611.1656 -4347.2586 0.000
-1928.8048 -4490.0480 0.000
-1996.3686 -4535.6136 0.000
-1744.7236 -4408.8532 0.000
-1969.8114 -4418.7511 0.000
-1751.5995 -4601.0710 0.000
-2060.4943 -4355.6069 0.000
-1927.8332 -4399.5133 0.000
-1599.3320 -4387.6648 0.000
-2064.5427 -4481.6100 0.000
-1768.7645 -4374.0486 0.000
-1909.6095 -4625.7621 0.000
-2030.5739 -4309.8407 0.000
-1652.5708 -4545.0992 0.000
-2033.9372 -4444.2457 0.000
-1818.8020 -4199.7220 0.000
-1613.1338 -4522.5693 0.000
-1793.0297 -4254.0745 0.000
-1858.4882 -4571.8818 0.000
-1970.9201 -4304.6837 0.000
-1701.1510 -4390.3790 0.000
-1584.5961 -4433.3837 0.000
-2020.6088 -4502.5667 0.000
-1784.4223 -4548.0315 0.000
-1946.5802 -4554.0056 0.000
-1837.1628 -4386.5337 0.000
-1678.9287 -4457.0459 0.000
-1991.4483 -4582.7426 0.000
-1953.6430 -4605.6886 0.000
-1928.6304 -4446.0456 0.000
-1983.2644 -4252.0092 0.000
-1899.2955 -4205.8494 0.000
-1843.6900 -4631.9592 0.000
-2014.3307 -4407.7994 0.000
-1709.4719 -4222.2806 0.000
-1693.7269 -4304.7360 0.000
-1861.1913 -4303.3795 0.000
-1656.4697 -4502.7648 0.000
-1620.1467 -4303.9401 0.000
-1785.1198 -4636.4996 0.000
-2042.2332 -4537.0075 0.000
-1721.6792 -4443.7075 0.000
-1591.0111 -4597.5035 0.000
-1584.4840 -4638.9485 0.000
-2068.6284 -4152.3390 0.000
-1667.3566 -4647.1723 0.000
-2184.6227 -4307.6097 0.000
-1734.0360 -4742.9623 0.000
-1998.7228 -4658.4989 0.000
-1480.3855 -4260.1669 0.000
-2038.7578 -4631.2031 0.000
-1582.9518 -4219.9862 0.000
-1939.5174 -4685.8906 0.000
-2120.7710 -4509.0316 0.000
-1764.9528 -4694.0072 0.000
-2016.9964 -4184.1278 0.000
-2196.5062 -4354.2890 0.000
-2039.6547 -4683.5264 0.000
-2169.0771 -4396.0542 0.000
-1982.7537 -4098.9146 0.000
-1483.7861 -4557.3589 0.000
-2118.3545 -4347.5725 0.000
-2154.0920 -4236.4623 0.000
-1715.3264 -4167.4549 0.000
-1502.8444 -4361.3655 0.000
-1685.3686 -4705.0524 0.000
-1688.9063 -4612.6580 0.000
-1913.3090 -4104.5511 0.000
-1961.6151 -4172.4001 0.000
-1528.6791 -4531.5367 0.000
-1623.0491 -4146.3238 0.000
-1886.9512 -4156.5169 0.000
-2123.3121 -4197.7427 0.000
-1529.9995 -4309.0161 0.000
-2105.1631 -4457.8469 0.000
-1661.5769 -4127.0748 0.000
-1765.7999 -4122.3563 0.000
-2060.8431 -4573.7453 0.000
-1820.2719 -4693.6921 0.000
-1968.2046 -4723.7607 0.000
-2107.8412 -4253.1240 0.000
-2179.6028 -4548.0053 0.000
-2035.7932 -4269.2128 0.000
-1636.5892 -4603.3954 0.000
-1859.0986 -4079.1250 0.000
-1552.7076 -4252.3953 0.000
-1566.7211 -4494.7030 0.000
-2123.4118 -4293.7632 0.000
-1817.3571 -4120.6087 0.000
-1611.4771 -4255.0797 0.000
-1481.3322 -4428.5032 0.000
-2084.7221 -4642.4064 0.000
-1524.7927 -4596.8159 0.000
-2136.2419 -4639.1840 0.000
-2101.8746 -4605.0172 0.000
-2173.1005 -4502.4085 0.000
-1883.7250 -4723.8342 0.000
-1551.3747 -4345.5745 0.000
-1621.5419 -4665.5044 0.000
-1537.6976 -4196.3987 0.000
-1717.9298 -4107.7711 0.000
-2182.8415 -4460.4552 0.000
-1450.8513 -4492.9341 0.000
-2059.4604 -4203.2696 0.000
-1800.7900 -4065.9224 0.000
-1998.5983 -4146.1456 0.000
-2103.7929 -4562.7064 0.000
-1538.0339 -4642.3230 0.000
-1859.3851 -4675.5431 0.000
-1620.9315 -4705.2604 0.000
-1462.9216 -4380.8237 0.000
-1558.5870 -4563.9508 0.000
-1616.7835 -4187.3503 0.000
-1520.1091 -4405.4364 0.000
-1838.5081 -4159.8677 0.000
-1579.6758 -4165.9177 0.000
-1575.6523 -4294.3897 0.000
-2221.3194 -4390.0988 0.000
-2234.1620 -4513.5795 0.000
-1311.5634 -4487.2104 0.000
-2313.6714 -4550.3795 0.000
-1752.8576 -3975.1872 0.000
-1724.5691 -4829.3365 0.000
-2044.1639 -4805.5584 0.000
-1884.6592 -4814.9642 0.000
-1346.1798 -4577.3128 0.000
-2263.0235 -4626.5855 0.000
-1886.0419 -3948.5815 0.000
-2154.6650 -4166.2304 0.000
-1433.3126 -4669.3746 0.000
-1571.6787 -4788.3785 0.000
-1314.6899 -4399.7064 0.000
-1720.8820 -4004.4935 0.000
-1648.7093 -4743.3908 0.000
-2252.6598 -4292.5374 0.000
-1418.8009 -4565.7981 0.000
-2267.7695 -4249.2326 0.000
-1616.0237 -4769.8296 0.000
-1662.5111 -4795.1896 0.000
-1819.8484 -4888.6441 0.000
-1497.3885 -4689.7123 0.000
-2050.2925 -4013.6465 0.000
-2221.8426 -4190.8605 0.000
-1960.0580 -4823.9441 0.000
-2238.2103 -4435.7354 0.000
-1830.3118 -3997.1492 0.000
-1427.7944 -4265.6079 0.000
-1421.2299 -4344.1283 0.000
-2215.5396 -4256.9494 0.000
-1545.0967 -4023.4771 0.000
-2098.5861 -4815.5634 0.000
-2153.2450 -4680.4721 0.000
-2244.3389 -4347.0904 0.000
-1403.9403 -4515.1203 0.000
-1361.4763 -4414.0151 0.000
-1385.5546 -4251.3951 0.000
-1328.5789 -4344.0336 0.000
-1780.3365 -4791.5486 0.000
-2203.6188 -4722.8850 0.000
-1925.2797 -3972.4879 0.000
-2102.4227 -4745.5196 0.000
-1572.6379 -4054.8698 0.000
-1507.7523 -4119.1488 0.000
-1821.7044 -4777.0855 0.000
-1359.4708 -4480.9075 0.000
-2255.4002 -4149.2996 0.000
-1520.1838 -4486.0283 0.000
-1963.1722 -4877.2950 0.000
-1925.4167 -4776.5461 0.000
-2345.5475 -4412.7433 0.000
-1728.0942 -4869.8199 0.000
-2278.0709 -4399.4598 0.000
-1717.9796 -4786.0155 0.000
-1645.1094 -3944.8184 0.000
-1696.8037 -3928.7820 0.000
-1638.4702 -4004.3727 0.000
-1682.2421 -4027.0048 0.000
-1681.2082 -3973.9914 0.000
-1600.9638 -3978.8345 0.000
-2101.9867 -3787.1324 0.000
-2013.6706 -3789.3384 0.000
-2087.1885 -3736.0423 0.000
-2108.7630 -3841.1734 0.000
-2024.3208 -3833.3794 0.000
-2143.1802 -3810.0211 0.000
-2714.6068 -3867.6035 0.000
-2675.8299 -3937.9213 0.000
-2653.3834 -3870.6341 0.000
-2626.7516 -3943.4433 0.000
-2749.1734 -3901.2197 0.000
-2714.5072 -3959.5021 0.000
-3314.2349 -4498.1945 0.000
-3263.8735 -4524.0354 0.000
-3257.3588 -4469.3167 0.000
-3173.0910 -4482.7772 0.000
-3301.0809 -4447.0745 0.000
-3216.9626 -4525.3084 0.000
-3314.4467 -5562.9061 0.000
-3348.5275 -5517.8786 0.000
-3360.1244 -5559.3025 0.000
-3304.8676 -5610.1621 0.000
-3408.6049 -5570.5008 0.000
-3378.2361 -5611.4850 0.000
-2357.5056 -4450.9310 0.000
-2397.5655 -4496.6300 0.000
-2354.4164 -4510.8664 0.000
-2293.2678 -4497.7037 0.000
-2402.5979 -4554.4690 0.000
-2309.8847 -4455.8439 0.000
-2300.2683 -4944.8724 0.000
-2306.6086 -4905.3282 0.000
-2255.6244 -4894.3205 0.000
-2343.2430 -4874.6617 0.000
-2359.0502 -4936.0882 0.000
-2250.9533 -4945.3769 0.000
-1961.5653 -5311.8391 0.000
-1927.9329 -5264.6081 0.000
-1876.9736 -5343.3128 0.000
-1902.8954 -5390.5389 0.000
-1879.0164 -5299.1697 0.000
-1920.3095 -5352.4533 0.000
-1043.0524 -5494.5527 0.000
-1074.9907 -5446.7424 0.000
