## The 18 AA1 postions from the SKA Documentation
116.7296391 -26.85615287 300
116.730078 -26.85612864 300
116.7304761 -26.8557565 300
116.7301177 -26.85558085 300
116.7296813 -26.8554553 300
116.7300235 -26.85510865 300
116.7478854 -26.8808053 300
116.7473328 -26.88062234 300
116.7478724 -26.88035103 300
116.7472298 -26.88021481 300
116.748383 -26.87997965 300
116.7474901 -26.87988287 300
116.6934539 -26.86371635 300
116.6936577 -26.86334071 300
116.6941076 -26.86330526 300
116.6932834 -26.86313582 300
116.6937212 -26.86282395 300
116.6931586 -26.8627504 300
