-1697.4514 -4573.3965 300.0000
-1899.2457 -4327.0655 300.0000
-1749.3325 -4475.7779 300.0000
-1980.1129 -4471.3882 300.0000
-1797.5638 -4405.9247 300.0000
-1856.9187 -4234.1454 300.0000
-1854.0911 -4347.6696 300.0000
-1841.9336 -4458.8932 300.0000
-1710.6926 -4350.8274 300.0000
-1998.7477 -4363.1331 300.0000
-1942.2702 -4361.6022 300.0000
-1654.9874 -4279.2452 300.0000
-1834.9829 -4519.9559 300.0000
-1792.4691 -4492.8669 300.0000
-1882.5416 -4401.0517 300.0000
-2062.1261 -4412.1417 300.0000
-1789.2553 -4326.0166 300.0000
-1660.6675 -4344.4982 300.0000
