## From Randall 21/02/2018
# original coords of AAVS1 and EDA in meters East and North
# (note AAVS1 has centre antenna moved compared to this file)
## Then scaled as 35/40 as according to
## Table 1 in SKA-TEL-SKO-0000422_03_SKA1_LowConfigurationCoordinates.pdf
-16.892 -8.751
11.613 2.218
-2.429 6.323
13.798 13.646
5.665 -2.095
-2.775 -3.624
6.121 1.231
1.035 6.961
4.653 -15.150
-16.329 7.384
2.748 -6.712
0.347 -13.075
0.989 -2.957
0.580 -17.983
8.925 5.585
-13.830 9.268
-1.233 7.389
5.902 -11.287
-16.174 -6.711
14.402 0.139
0.673 10.864
-0.585 9.374
1.628 13.519
-2.646 -16.019
-15.285 12.951
-10.598 1.042
-2.342 12.194
-4.730 -15.975
-6.673 0.375
3.312 -16.477
15.737 3.735
5.017 -0.151
4.165 5.331
-6.072 9.270
-10.475 -2.085
-1.635 -11.430
4.967 3.799
9.794 15.807
12.652 -4.154
-14.913 5.275
-1.102 -7.434
-7.874 -5.914
6.497 -17.852
-7.382 -17.373
17.967 5.489
17.172 -2.112
-3.191 -17.872
16.248 -8.306
-7.788 -13.520
-18.661 -6.757
-6.156 12.243
-18.120 5.909
7.559 -3.118
3.340 14.775
16.697 9.382
7.783 -14.591
-18.399 -3.581
-3.019 9.503
-5.524 -13.089
18.775 -4.181
-9.522 7.185
10.458 -0.519
-17.736 1.497
-17.008 10.794
-14.372 -9.990
-0.962 10.915
7.734 8.483
0.096 -4.879
7.350 5.652
0.507 1.944
-10.551 11.747
-9.344 9.277
-4.190 16.318
11.422 12.183
-6.863 -10.309
6.046 -6.132
-3.320 -6.611
-6.285 -14.680
-5.426 18.317
1.444 -20.062
3.158 -10.121
-15.573 0.709
15.518 -10.809
-10.032 -12.360
-14.296 11.156
2.489 -0.754
3.524 11.638
6.996 -9.420
15.704 5.539
-8.918 -16.533
11.096 -10.726
12.982 10.267
20.029 -1.284
14.354 -4.672
-11.481 -4.161
19.208 1.078
4.145 -13.643
16.195 -5.840
8.503 -16.891
-12.395 6.899
-12.841 12.943
1.232 3.387
-5.406 -5.495
-14.093 -14.297
-0.361 18.413
-9.538 13.397
2.853 17.536
8.960 -11.288
19.001 3.478
-10.164 -8.744
3.243 7.296
14.344 -8.239
-9.812 3.461
-12.329 -10.656
-6.592 -3.780
-7.316 7.747
-8.500 -0.916
-3.971 -14.512
-5.122 10.718
-0.868 15.709
13.910 2.597
4.686 16.356
3.367 -4.705
-9.383 -4.668
2.174 -12.849
-7.510 10.656
6.854 13.888
-3.238 4.155
-12.587 1.209
11.086 -16.716
-5.017 3.025
16.814 -4.086
-12.050 3.355
-7.779 15.808
13.164 1.132
9.342 1.212
-1.171 -1.718
-4.560 6.303
15.859 0.950
3.237 -19.761
14.075 -12.653
-12.156 -7.950
-14.916 -5.020
-7.333 -2.129
11.332 -8.907
0.139 -8.890
9.613 -9.543
12.539 -7.441
-7.681 2.890
-10.573 5.106
1.878 19.356
-0.165 12.476
9.366 -5.264
5.809 9.499
2.763 -2.777
-5.123 -10.383
13.145 15.089
-0.343 -0.290
-19.364 -0.350
10.085 10.598
12.857 7.644
14.479 -2.101
-3.207 1.156
9.661 -14.292
6.544 16.760
-13.385 -12.275
9.900 14.022
3.774 9.828
2.893 1.878
-18.372 7.981
-14.003 14.117
7.763 1.463
18.523 -7.223
-4.730 -18.724
5.301 -19.277
0.064 -15.437
-13.596 -6.284
1.128 -6.288
10.667 -3.119
-0.410 3.727
5.160 -9.410
-11.327 10.157
-17.952 3.134
2.981 -8.463
4.835 6.819
-9.005 17.164
-2.534 17.502
6.453 7.309
-1.657 -19.475
15.797 12.404
11.311 8.176
-2.459 15.060
-16.227 -3.891
-14.803 3.178
12.912 5.230
12.700 -11.060
-3.275 19.880
3.052 -18.194
5.638 -7.776
-6.279 13.959
-13.624 4.369
4.965 19.511
8.367 -6.542
14.636 9.446
-17.057 4.549
1.973 4.876
-11.707 -13.344
-4.492 -8.772
-19.803 3.566
5.466 12.528
7.926 -1.193
-14.145 -0.850
-3.651 -1.559
-11.144 14.824
11.716 4.033
1.624 -15.906
1.492 15.551
-2.430 -8.815
-9.571 -6.411
-1.762 -5.484
-18.171 -2.021
12.770 -2.431
-12.784 -2.484
-8.038 6.172
-11.628 -15.622
-17.436 -0.478
-16.090 -1.620
-16.232 -10.233
-3.674 13.823
-19.419 1.497
-14.732 -8.238
7.963 18.344
-10.775 8.353
8.833 -12.927
7.058 11.413
0.001 14.337
-5.458 -0.931
2.132 10.276
12.170 -0.882
-12.395 11.374
5.659 -13.063
-8.551 -11.138
16.087 -0.733
-10.641 -10.604
-3.520 -12.623
16.805 7.081
9.458 7.532
-8.643 11.873
-2.840 -10.390
-10.313 -14.730
10.411 6.099
11.955 13.951
10.786 -12.388
-17.331 -5.280
-15.910 -12.170
11.550 -14.257
