-1697.4514 -4573.3965 300.0000
-1899.2457 -4327.0655 300.0000
-1749.3325 -4475.7779 300.0000
-1980.1129 -4471.3882 300.0000
-1797.5638 -4405.9247 300.0000
-1856.9187 -4234.1454 300.0000
-1854.0911 -4347.6696 300.0000
-1841.9336 -4458.8932 300.0000
-1710.6926 -4350.8274 300.0000
-1998.7477 -4363.1331 300.0000
-1942.2702 -4361.6022 300.0000
-1654.9874 -4279.2452 300.0000
-1834.9829 -4519.9559 300.0000
-1792.4691 -4492.8669 300.0000
-1882.5416 -4401.0517 300.0000
-2062.1261 -4412.1417 300.0000
-1789.2553 -4326.0166 300.0000
-1660.6675 -4344.4982 300.0000
-1885.6433 -4467.0135 300.0000
-1776.1014 -4440.5847 300.0000
-1650.1045 -4399.7475 300.0000
-1619.8727 -4471.8828 300.0000
-1744.3374 -4525.4567 300.0000
-1888.2965 -4271.6592 300.0000
-1714.5416 -4266.4400 300.0000
-1936.2289 -4243.4703 300.0000
-1821.5300 -4286.2868 300.0000
-1801.3132 -4597.3639 300.0000
-1891.0743 -4535.8354 300.0000
-1755.6977 -4291.3827 300.0000
-1710.1196 -4500.0107 300.0000
-1753.9538 -4227.3492 300.0000
-1906.9064 -4584.4217 300.0000
-1611.1656 -4347.2586 300.0000
-1928.8048 -4490.0480 300.0000
-1996.3686 -4535.6136 300.0000
-1744.7236 -4408.8532 300.0000
-1969.8114 -4418.7511 300.0000
-1751.5995 -4601.0710 300.0000
-2060.4943 -4355.6069 300.0000
-1927.8332 -4399.5133 300.0000
-1599.3320 -4387.6648 300.0000
-2064.5427 -4481.6100 300.0000
-1768.7645 -4374.0486 300.0000
-1909.6095 -4625.7621 300.0000
-2030.5739 -4309.8407 300.0000
-1652.5708 -4545.0992 300.0000
-2033.9372 -4444.2457 300.0000
-1818.8020 -4199.7220 300.0000
-1613.1338 -4522.5693 300.0000
-1793.0297 -4254.0745 300.0000
-1858.4882 -4571.8818 300.0000
-1970.9201 -4304.6837 300.0000
-1701.1510 -4390.3790 300.0000
-1584.5961 -4433.3837 300.0000
-2020.6088 -4502.5667 300.0000
-1784.4223 -4548.0315 300.0000
-1946.5802 -4554.0056 300.0000
-1837.1628 -4386.5337 300.0000
-1678.9287 -4457.0459 300.0000
-1991.4483 -4582.7426 300.0000
-1953.6430 -4605.6886 300.0000
-1928.6304 -4446.0456 300.0000
-1983.2644 -4252.0092 300.0000
