## From SKA1-LOW CONFIGURATION COORDINATES – COMPLETE SET SKA-TEL-SKO-0000422
116.7656958 -26.82616213
116.7643702 -26.82511158
116.7639977 -26.82458089
116.7664076 -26.82523076
116.7639194 -26.8258175
116.7629533 -26.82581548
116.7623278 -26.82532
116.7664695 -26.82569579
116.7648979 -26.82592941
116.7630735 -26.82321344
116.7660719 -26.82551408
116.7622903 -26.82229899
116.7667464 -26.82291965
116.7613688 -26.82453504
116.7658067 -26.82737004
116.7617887 -26.82271557
116.7632117 -26.82754169
116.7668953 -26.82544013
116.7616701 -26.82676572
116.765508 -26.82189009
116.7671585 -26.82679451
116.7644016 -26.82236807
116.7651875 -26.82067366
116.761501 -26.82242644
116.7682525 -26.8260924
116.7608847 -26.82265242
116.7670937 -26.8211167
116.7690802 -26.82405775
116.7645558 -26.82803094
116.7654148 -26.82888176
116.7658448 -26.82066269
116.7665811 -26.82070712
116.7599512 -26.82528522
116.7672243 -26.82788292
116.77076 -26.81477548
116.7703685 -26.81432947
116.7697476 -26.81424456
116.7709254 -26.814188
116.7699664 -26.81388139
116.7704816 -26.81377524
116.73692 -26.81854892
116.7375122 -26.81853796
116.7372221 -26.81827563
116.7377136 -26.81797591
116.7367364 -26.81794295
116.7372712 -26.81776037
116.7478854 -26.8808053
116.7473328 -26.88062234
116.7478724 -26.88035103
116.7472298 -26.88021481
116.748383 -26.87997965
116.7474901 -26.87988287
116.6218641 -26.86556325
116.6212672 -26.86540474
116.6208315 -26.86525589
116.621577 -26.86514205
116.6213033 -26.86477991
116.6217451 -26.86464267
116.7249893 -27.1277982
116.724435 -27.12764575
116.7254377 -27.12754544
116.7248135 -27.12735621
116.7242804 -27.12728241
116.7251001 -27.12710078
