-14.7804 -7.65715
10.1614 1.94056
-2.12519 5.53295
12.0733 11.9406
4.95664 -1.83298
-2.42815 -3.17116
5.35587 1.07752
0.905598 6.09116
4.07172 -13.2559
-14.2881 6.46071
2.40451 -5.87261
0.303865 -11.4404
0.865176 -2.58756
0.50734 -15.7351
7.80926 4.88671
-12.1015 8.10932
-1.07918 6.46508
5.16409 -9.87652
-14.1523 -5.87173
12.6019 0.121853
0.588654 9.506
-0.511989 8.20267
1.42472 11.8288
-2.31538 -14.0162
-13.3741 11.3321
-9.27284 0.912104
-2.04927 10.6694
-4.13845 -13.9779
-5.83886 0.327822
2.89758 -14.4178
13.7699 3.26835
4.38965 -0.132103
3.64432 4.66448
-5.31332 8.11087
-9.16588 -1.82397
-1.43091 -10.0014
4.34575 3.32392
8.57011 13.8312
11.0705 -3.63432
-13.049 4.61535
-0.964432 -6.50509
-6.88934 -5.17484
5.68462 -15.6204
-6.45937 -15.2011
15.7211 4.80283
15.0255 -1.84761
-2.79225 -15.6381
14.2166 -7.2675
-6.81413 -11.8299
-16.3282 -5.91267
-5.38667 10.7128
-15.855 5.17049
6.61373 -2.72814
2.92231 12.9283
14.6103 8.2096
6.81056 -12.7667
-16.0991 -3.13377
-2.6417 8.31486
-4.83351 -11.4529
16.4284 -3.65821
-8.33158 6.28679
9.15105 -0.454382
-15.5192 1.30961
-14.8823 9.44437
-12.5751 -8.74128
-0.841658 9.55045
6.76766 7.42252
0.0837586 -4.26956
6.43146 4.94547
0.443268 1.70125
-9.23237 10.2785
-8.17604 8.1175
-3.6663 14.2785
9.99393 10.6601
-6.00534 -9.02054
5.29038 -5.36533
-2.90508 -5.7846
-5.49939 -12.8449
-4.74786 16.0276
1.26335 -17.5543
2.76349 -8.85574
-13.6268 0.620582
13.578 -9.45824
-8.77786 -10.8153
-12.5089 9.76107
2.17799 -0.659316
3.08387 10.183
6.12193 -8.24292
13.7406 4.84706
-7.80353 -14.466
9.7092 -9.38563
11.359 8.98376
17.525 -1.12317
12.5596 -4.08841
-10.046 -3.64109
16.8068 0.943257
3.62653 -11.9374
14.1705 -5.10962
7.44054 -14.78
-10.8457 6.03621
-11.236 11.325
1.07764 2.96326
-4.7302 -4.80836
-12.3317 -12.5095
-0.316189 16.1116
-8.34596 11.7225
2.49609 15.3444
7.83989 -9.87679
16.6263 3.04361
-8.89319 -7.65134
2.83791 6.38421
12.5511 -7.20898
-8.58591 3.02801
-10.7878 -9.32382
-5.76766 -3.30783
-6.40136 6.77853
-7.43726 -0.80146
-3.47468 -12.6978
-4.48151 9.3779
-0.759496 13.7452
12.1715 2.27279
4.10067 14.3111
2.9465 -4.1165
-8.21038 -4.08464
1.90222 -11.2432
-6.57133 9.32427
5.99712 12.1523
-2.83311 3.63548
-11.014 1.05822
9.70049 -14.6269
-4.3895 2.64727
14.7125 -3.57536
-10.5434 2.93554
-6.8063 13.8319
11.5182 0.990744
8.17449 1.06026
-1.02504 -1.50323
-3.99027 5.5155
13.8768 0.831199
2.8323 -17.2913
12.3156 -11.0718
-10.6364 -6.9565
-13.0516 -4.39214
-6.41657 -1.86289
9.91513 -7.79363
0.121355 -7.77848
8.41127 -8.34982
10.9717 -6.51115
-6.72086 2.52884
-9.25162 4.4678
1.64345 16.9369
-0.144272 10.9166
8.19516 -4.60569
5.08326 8.31193
2.41732 -2.42945
-4.48261 -9.08528
11.5021 13.2026
-0.30036 -0.253719
-16.9433 -0.305909
8.82398 9.27293
11.2497 6.68817
12.669 -1.83812
-2.80596 1.01141
8.45303 -12.5053
5.72633 14.6652
-11.712 -10.741
8.66243 12.2691
3.30221 8.59955
2.53098 1.64358
-16.0754 6.98331
-12.2525 12.3526
6.7925 1.28018
16.2078 -6.32015
-4.1386 -16.3832
4.63859 -16.8678
0.0559048 -13.5074
-11.8965 -5.49828
0.986821 -5.50243
9.33364 -2.72938
-0.35896 3.26148
4.51519 -8.23378
-9.91086 8.88702
-15.7081 2.74213
2.60815 -7.40546
4.23039 5.96653
-7.87949 15.0188
-2.21702 15.3144
5.64603 6.39537
-1.45023 -17.041
13.8228 10.8533
9.89711 7.15387
-2.15204 13.1774
-14.1983 -3.40444
-12.9525 2.78042
11.2979 4.57611
11.1122 -9.67757
-2.8659 17.3951
2.67065 -15.9196
4.93324 -6.80369
-5.4937 12.2142
-11.9212 3.82283
4.34447 17.072
7.32136 -5.72453
12.8061 8.26566
-14.9246 3.98067
1.72671 4.26667
-10.2439 -11.6759
-3.93015 -7.67585
-17.3274 3.12064
4.78307 10.962
6.93518 -1.04366
-12.3772 -0.74403
-3.19466 -1.36418
-9.75099 12.9712
10.2518 3.52878
1.42109 -13.9179
1.30511 13.6068
-2.12598 -7.71286
-8.37429 -5.60961
-1.54192 -4.79817
-15.8995 -1.76817
11.1736 -2.12734
-11.1864 -2.17364
-7.03363 5.40043
-10.1747 -13.6694
-15.2567 -0.418489
-14.0785 -1.41711
-14.2029 -8.9538
-3.21486 12.0954
-16.9915 1.31024
-12.8901 -7.20789
6.9677 16.051
-9.42788 7.30874
7.72849 -11.3107
6.17552 9.98647
0.000746385 12.5445
-4.77617 -0.81494
1.86562 8.99169
10.6486 -0.77135
-10.8454 9.95207
4.95186 -11.4303
-7.4819 -9.74585
14.0763 -0.641332
-9.31125 -9.27841
-3.07972 -11.0453
14.7047 6.19597
8.27563 6.59063
-7.56262 10.3892
-2.48521 -9.09149
-9.02372 -12.8885
9.10939 5.33663
10.4603 12.2068
9.43817 -10.8394
-15.1646 -4.61958
-13.9215 -10.6486
10.106 -12.4746
